          68
   3080.000       11.155
   3160.000       11.072
   3240.000       10.998
   3320.000       10.935
   3400.000       10.866
   3480.000       10.806
   3560.000       10.750
   3640.000       10.698
   3680.000       10.670
   3720.000       10.651
   3760.000       10.540
   3800.000       10.394
   3840.000       10.393
   3880.000       10.356
   3920.000       10.292
   3960.000       10.318
   3980.000       10.317
   4000.000       10.144
   4020.000       10.116
   4060.000       10.104
   4100.000       10.184
   4140.000       10.060
   4200.000       10.021
   4240.000       10.005
   4260.000       10.008
   4300.000       10.060
   4340.000       10.139
   4380.000        9.971
   4400.000        9.955
   4560.000        9.908
   4760.000        9.843
   4800.000        9.824
   4820.000        9.822
   4860.000        9.930
   4900.000        9.804
   4920.000        9.800
   4960.000        9.782
   5000.000        9.768
   5120.000        9.741
   5240.000        9.719
   5400.000        9.693
   5560.000        9.660
   5760.000        9.630
   6020.000        9.594
   6420.000        9.552
   6460.000        9.548
   6500.000        9.550
   6540.000        9.590
   6560.000        9.637
   6580.000        9.597
   6620.000        9.545
   6660.000        9.539
   6700.000        9.535
   6740.000        9.532
   6780.000        9.527
   7100.000        9.502
   7460.000        9.485
   7780.000        9.474
   8100.000        9.463
   8380.000        9.457
   8780.000        9.457
   9300.000        9.458
   9700.000        9.458
   9940.000        9.461
   10260.00        9.462
   10820.00        9.468
   11140.00        9.473
   12000.00        9.488
