        2434
   3125.971       16.20100    
   3128.054       17.15600    
   3130.136       18.29000    
   3132.218       19.04500    
   3134.301       18.86000    
   3136.383       16.11300    
   3138.465       15.21000    
   3140.547       14.98700    
   3142.630       14.78700    
   3144.712       14.61300    
   3146.794       14.68500    
   3148.876       14.97400    
   3150.959       15.42300    
   3153.041       15.63600    
   3155.123       15.82300    
   3157.206       16.04700    
   3159.288       16.03100    
   3161.370       15.26300    
   3163.452       15.35000    
   3165.535       15.31100    
   3167.617       15.28200    
   3169.699       15.53700    
   3171.781       16.75900    
   3173.864       17.13100    
   3175.946       17.05100    
   3178.028       16.82200    
   3180.111       17.40600    
   3182.193       17.07600    
   3184.275       16.70500    
   3186.357       16.40600    
   3188.439       15.50300    
   3190.522       15.00500    
   3192.604       14.76700    
   3194.686       14.72400    
   3196.769       14.81900    
   3198.851       15.02900    
   3200.933       15.58800    
   3203.015       15.96500    
   3205.098       15.33100    
   3207.180       15.21900    
   3209.262       15.05000    
   3211.344       14.87500    
   3213.427       14.81100    
   3215.509       15.14800    
   3217.591       15.03500    
   3219.674       15.11500    
   3221.756       15.44100    
   3223.838       15.42300    
   3225.920       15.10200    
   3228.003       15.00000    
   3230.085       15.39400    
   3232.167       16.11600    
   3234.250       16.22400    
   3236.332       16.10300    
   3238.414       15.98500    
   3240.496       16.12800    
   3242.579       16.47400    
   3244.661       15.93700    
   3246.743       15.54400    
   3248.825       15.54000    
   3250.908       15.23700    
   3252.990       15.03100    
   3255.072       14.94800    
   3257.155       15.00500    
   3259.237       15.58300    
   3261.319       15.47800    
   3263.401       15.04700    
   3265.484       14.68300    
   3267.566       14.59700    
   3269.648       14.64300    
   3271.730       14.77500    
   3273.813       14.84500    
   3275.895       15.04900    
   3277.977       15.82800    
   3280.060       15.88900    
   3282.142       15.54300    
   3284.224       15.49300    
   3286.306       15.45800    
   3288.389       15.10600    
   3290.471       14.96300    
   3292.553       14.95800    
   3294.635       15.13600    
   3296.718       14.97300    
   3298.800       14.91200    
   3300.882       14.92700    
   3302.964       15.04000    
   3305.047       15.06600    
   3307.129       15.10700    
   3309.211       15.06900    
   3311.293       15.01100    
   3313.376       14.86400    
   3315.458       14.79300    
   3317.540       15.07300    
   3319.623       15.42400    
   3321.705       15.39200    
   3323.787       15.19600    
   3325.869       15.07700    
   3327.952       15.11900    
   3330.034       14.98400    
   3332.116       14.81900    
   3334.198       14.90000    
   3336.281       15.02300    
   3338.363       14.98000    
   3340.445       14.87600    
   3342.528       14.81400    
   3344.610       14.79100    
   3346.692       14.76400    
   3348.774       14.74800    
   3350.857       14.66400    
   3352.939       14.61600    
   3355.021       14.60800    
   3357.104       14.68100    
   3359.186       14.81600    
   3361.268       14.99800    
   3363.350       15.18700    
   3365.433       15.11300    
   3367.515       15.07500    
   3369.597       15.24000    
   3371.679       15.76400    
   3373.762       15.60400    
   3375.844       15.34900    
   3377.926       14.95900    
   3380.009       14.97400    
   3382.091       15.07100    
   3384.173       15.12100    
   3386.255       15.04200    
   3388.338       14.74200    
   3390.420       14.91800    
   3392.502       15.24700    
   3394.584       15.42400    
   3396.667       15.18300    
   3398.749       14.90800    
   3400.831       14.81900    
   3402.914       14.80900    
   3404.996       14.79700    
   3407.078       14.62600    
   3409.160       14.56700    
   3411.243       14.60300    
   3413.325       14.68900    
   3415.407       14.70900    
   3417.489       14.60600    
   3419.572       14.53200    
   3421.654       14.53200    
   3423.736       14.57900    
   3425.818       14.66400    
   3427.901       14.59600    
   3429.983       14.56400    
   3432.065       14.63500    
   3434.147       14.70300    
   3436.230       14.67800    
   3438.312       14.63300    
   3440.394       14.60400    
   3442.477       14.58900    
   3444.559       14.64700    
   3446.641       14.72000    
   3448.723       14.80400    
   3450.806       14.89500    
   3452.888       14.66600    
   3454.970       14.62700    
   3457.052       14.71200    
   3459.135       14.84700    
   3461.217       14.85000    
   3463.299       14.76000    
   3465.382       14.68500    
   3467.464       14.67100    
   3469.546       14.70100    
   3471.628       14.57300    
   3473.711       14.47100    
   3475.793       14.46900    
   3477.875       14.62000    
   3479.958       14.58900    
   3482.040       14.49500    
   3484.122       14.44500    
   3486.204       14.52000    
   3488.287       14.54500    
   3490.369       14.51100    
   3492.451       14.44300    
   3494.533       14.35700    
   3496.616       14.35100    
   3498.698       14.31500    
   3500.780       14.35200    
   3502.863       14.44500    
   3504.945       14.55600    
   3507.027       14.62000    
   3509.109       14.68500    
   3511.192       14.72300    
   3513.274       14.64100    
   3515.356       14.49500    
   3517.438       14.43600    
   3519.521       14.42600    
   3521.603       14.45900    
   3523.685       14.53700    
   3525.768       14.57900    
   3527.850       14.61700    
   3529.932       14.65300    
   3532.014       14.52900    
   3534.096       14.48300    
   3536.179       14.47700    
   3538.261       14.46400    
   3540.343       14.41000    
   3542.426       14.39000    
   3544.508       14.35400    
   3546.590       14.35000    
   3548.672       14.34600    
   3550.755       14.43300    
   3552.837       14.37400    
   3554.919       14.31100    
   3557.001       14.33500    
   3559.084       14.45700    
   3561.166       14.55600    
   3563.248       14.59000    
   3565.331       14.57300    
   3567.413       14.45200    
   3569.495       14.28700    
   3571.577       14.25500    
   3573.660       14.23300    
   3575.742       14.19000    
   3577.824       14.17800    
   3579.906       14.21400    
   3581.989       14.27800    
   3584.071       14.31200    
   3586.153       14.36300    
   3588.236       14.29700    
   3590.318       14.27800    
   3592.400       14.30700    
   3594.482       14.33200    
   3596.565       14.37700    
   3598.647       14.35000    
   3600.729       14.30900    
   3602.812       14.28500    
   3604.894       14.28800    
   3606.976       14.35900    
   3609.058       14.36000    
   3611.141       14.35100    
   3613.223       14.36500    
   3615.305       14.36100    
   3617.387       14.37100    
   3619.470       14.32300    
   3621.552       14.24500    
   3623.634       14.21400    
   3625.716       14.23300    
   3627.799       14.22800    
   3629.881       14.18200    
   3631.963       14.13400    
   3634.045       14.13700    
   3636.128       14.18200    
   3638.210       14.21200    
   3640.292       14.23200    
   3642.375       14.30900    
   3644.457       14.29800    
   3646.539       14.25600    
   3648.621       14.23600    
   3650.704       14.22600    
   3652.786       14.17000    
   3654.868       14.17900    
   3656.950       14.17700    
   3659.033       14.17400    
   3661.115       14.14400    
   3663.197       14.18500    
   3665.280       14.19300    
   3667.362       14.16100    
   3669.444       14.09000    
   3671.526       14.01700    
   3673.609       14.07200    
   3675.691       14.15800    
   3677.773       14.20600    
   3679.855       14.17300    
   3681.938       14.14700    
   3684.020       14.12500    
   3686.102       14.12000    
   3688.185       14.11100    
   3690.267       14.04500    
   3692.349       13.96700    
   3694.431       13.93000    
   3696.514       13.96100    
   3698.596       13.99100    
   3700.678       14.01700    
   3702.760       14.03300    
   3704.843       14.05800    
   3706.925       14.12400    
   3709.007       14.16800    
   3711.090       14.18700    
   3713.172       14.18100    
   3715.254       14.13200    
   3717.336       14.10400    
   3719.419       14.10000    
   3721.501       14.11300    
   3723.583       14.10000    
   3725.666       14.08900    
   3727.748       14.06700    
   3729.830       14.02000    
   3731.912       13.93800    
   3733.995       13.85300    
   3736.077       13.80200    
   3738.159       13.80200    
   3740.241       13.86200    
   3742.324       13.90000    
   3744.406       13.94000    
   3746.488       13.96100    
   3748.570       13.95200    
   3750.653       13.92300    
   3752.735       13.90800    
   3754.817       13.90100    
   3756.899       13.89800    
   3758.982       13.89000    
   3761.064       13.90500    
   3763.146       13.95200    
   3765.229       14.01800    
   3767.311       14.07700    
   3769.393       14.01700    
   3771.475       13.94900    
   3773.558       13.88400    
   3775.640       13.84300    
   3777.722       13.82800    
   3779.804       13.87700    
   3781.887       13.94200    
   3783.969       13.97700    
   3786.051       13.92400    
   3788.134       13.91300    
   3790.216       13.93900    
   3792.298       13.98100    
   3794.380       13.99600    
   3796.463       13.95400    
   3798.545       13.91500    
   3800.627       13.73500    
   3802.709       13.73200    
   3804.792       13.75500    
   3806.874       13.73600    
   3808.956       13.68700    
   3811.039       13.66000    
   3813.121       13.70700    
   3815.203       13.80000    
   3817.285       13.85600    
   3819.368       13.83100    
   3821.450       13.76300    
   3823.532       13.70700    
   3825.615       13.69300    
   3827.697       13.71400    
   3829.779       13.77000    
   3831.861       13.82100    
   3833.944       13.79400    
   3836.026       13.75400    
   3838.108       13.72200    
   3840.190       13.70100    
   3842.272       13.68100    
   3844.355       13.65500    
   3846.437       13.65300    
   3848.520       13.68200    
   3850.602       13.73300    
   3852.684       13.76100    
   3854.766       13.75800    
   3856.849       13.74400    
   3858.931       13.72100    
   3861.013       13.70600    
   3863.095       13.71300    
   3865.178       13.70800    
   3867.260       13.66700    
   3869.342       13.61800    
   3871.424       13.56100    
   3873.507       13.55100    
   3875.589       13.60300    
   3877.671       13.68000    
   3879.753       13.71700    
   3881.836       13.70600    
   3883.918       13.68700    
   3886.000       13.71400    
   3888.083       13.71700    
   3890.165       13.68200    
   3892.247       13.64200    
   3894.329       13.58400    
   3896.412       13.51000    
   3898.494       13.50000    
   3900.576       13.57300    
   3902.658       13.64000    
   3904.741       13.65000    
   3906.823       13.63000    
   3908.905       13.61000    
   3910.988       13.59300    
   3913.070       13.59300    
   3915.152       13.60800    
   3917.234       13.61300    
   3919.317       13.61100    
   3921.399       13.58800    
   3923.481       13.55400    
   3925.563       13.55100    
   3927.646       13.59700    
   3929.728       13.63300    
   3931.810       13.63400    
   3933.893       13.62700    
   3935.975       13.62300    
   3938.057       13.61000    
   3940.139       13.57700    
   3942.222       13.52900    
   3944.304       13.50800    
   3946.386       13.52200    
   3948.469       13.53600    
   3950.551       13.50100    
   3952.633       13.47000    
   3954.715       13.47000    
   3956.797       13.48400    
   3958.880       13.51100    
   3960.962       13.56000    
   3963.044       13.59700    
   3965.126       13.61700    
   3967.209       13.62400    
   3969.291       13.62200    
   3971.374       13.61500    
   3973.456       13.61300    
   3975.538       13.58100    
   3977.620       13.52800    
   3979.703       13.48300    
   3981.785       13.48900    
   3983.867       13.50800    
   3985.949       13.50000    
   3988.031       13.48100    
   3990.114       13.46000    
   3992.196       13.45100    
   3994.278       13.44600    
   3996.361       13.45800    
   3998.443       13.45300    
   4000.525       13.46200    
   4002.607       13.49200    
   4004.690       13.50700    
   4006.772       13.47100    
   4008.854       13.43300    
   4010.937       13.41400    
   4013.019       13.41000    
   4015.101       13.37900    
   4017.183       13.36000    
   4019.266       13.36800    
   4021.348       13.40700    
   4023.430       13.44700    
   4025.512       13.46300    
   4027.595       13.44200    
   4029.677       13.38700    
   4031.759       13.33200    
   4033.842       13.31300    
   4035.924       13.33500    
   4038.006       13.36400    
   4040.088       13.36100    
   4042.171       13.34100    
   4044.253       13.32600    
   4046.335       13.32300    
   4048.417       13.32100    
   4050.500       13.32100    
   4052.582       13.30700    
   4054.664       13.30800    
   4056.747       13.33300    
   4058.829       13.34900    
   4060.911       13.33300    
   4062.993       13.31300    
   4065.076       13.29300    
   4067.158       13.26800    
   4069.240       13.26800    
   4071.322       13.27300    
   4073.405       13.28300    
   4075.487       13.28700    
   4077.569       13.29400    
   4079.651       13.28700    
   4081.734       13.27400    
   4083.816       13.24900    
   4085.898       13.23400    
   4087.980       13.22300    
   4090.063       13.21600    
   4092.145       13.22100    
   4094.227       13.26600    
   4096.310       13.31500    
   4098.392       13.34400    
   4100.474       13.34100    
   4102.557       13.32300    
   4104.639       13.29400    
   4106.721       13.27300    
   4108.803       13.24900    
   4110.886       13.21500    
   4112.968       13.19400    
   4115.050       13.18400    
   4117.132       13.17500    
   4119.215       13.17700    
   4121.297       13.18500    
   4123.379       13.17600    
   4125.461       13.15700    
   4127.544       13.16600    
   4129.626       13.18800    
   4131.708       13.18500    
   4133.791       13.17600    
   4135.873       13.16700    
   4137.955       13.15700    
   4140.037       13.15700    
   4142.120       13.14600    
   4144.202       13.12500    
   4146.284       13.08600    
   4148.366       13.06000    
   4150.449       13.05300    
   4152.531       13.05400    
   4154.613       13.08400    
   4156.695       13.12400    
   4158.778       13.14800    
   4160.860       13.13700    
   4162.942       13.12100    
   4165.024       13.10000    
   4167.107       13.07800    
   4169.189       13.07700    
   4171.271       13.08700    
   4173.354       13.09100    
   4175.436       13.10200    
   4177.518       13.12100    
   4179.601       13.12500    
   4181.683       13.11300    
   4183.765       13.09900    
   4185.847       13.08800    
   4187.930       13.07800    
   4190.012       13.08400    
   4192.094       13.08900    
   4194.176       13.10000    
   4196.259       13.10500    
   4198.341       13.10700    
   4200.423       13.09400    
   4202.505       13.08000    
   4204.588       13.06700    
   4206.670       13.05700    
   4208.752       13.04900    
   4210.834       13.04500    
   4212.917       13.04000    
   4214.999       13.02700    
   4217.082       13.01700    
   4219.164       13.01400    
   4221.246       13.02000    
   4223.328       13.01300    
   4225.410       13.00600    
   4227.493       13.00700    
   4229.575       13.00900    
   4231.657       13.01200    
   4233.739       13.02600    
   4235.822       13.03200    
   4237.904       13.02600    
   4239.986       13.00800    
   4242.068       12.99700    
   4244.151       13.00200    
   4246.233       13.00800    
   4248.315       12.99900    
   4250.397       12.97500    
   4252.480       12.97500    
   4254.563       12.97500    
   4256.645       12.97000    
   4258.727       12.95900    
   4260.809       12.95500    
   4262.892       12.95500    
   4264.974       12.95400    
   4267.056       12.95200    
   4269.138       12.94700    
   4271.221       12.94000    
   4273.303       12.93200    
   4275.385       12.93200    
   4277.467       12.93800    
   4279.549       12.94900    
   4281.632       12.95600    
   4283.714       12.94900    
   4285.796       12.92700    
   4287.878       12.91300    
   4289.961       12.91000    
   4292.043       12.91200    
   4294.125       12.90600    
   4296.208       12.90100    
   4298.290       12.90200    
   4300.372       12.90000    
   4302.455       12.89400    
   4304.537       12.89200    
   4306.619       12.88900    
   4308.701       12.88400    
   4310.784       12.87900    
   4312.866       12.87500    
   4314.948       12.86700    
   4317.030       12.85700    
   4319.113       12.85400    
   4321.195       12.86200    
   4323.277       12.86800    
   4325.359       12.86800    
   4327.442       12.86400    
   4329.524       12.86900    
   4331.606       12.88400    
   4333.688       12.89400    
   4335.771       12.89900    
   4337.853       12.89400    
   4339.936       12.88100    
   4342.018       12.86900    
   4344.100       12.86500    
   4346.182       12.85800    
   4348.265       12.83400    
   4350.347       12.81100    
   4352.429       12.79400    
   4354.511       12.78800    
   4356.594       12.78200    
   4358.676       12.78000    
   4360.758       12.77600    
   4362.840       12.77200    
   4364.923       12.76500    
   4367.005       12.76500    
   4369.087       12.75800    
   4371.169       12.74600    
   4373.252       12.73300    
   4375.334       12.72700    
   4377.416       12.72600    
   4379.499       12.73300    
   4381.581       12.74600    
   4383.663       12.75000    
   4385.745       12.75300    
   4387.828       12.74700    
   4389.910       12.74200    
   4391.992       12.73300    
   4394.074       12.73900    
   4396.157       12.73900    
   4398.239       12.73300    
   4400.321       12.72000    
   4402.403       12.70500    
   4404.486       12.69500    
   4406.568       12.69600    
   4408.650       12.70600    
   4410.732       12.70900    
   4412.815       12.71900    
   4414.897       12.72800    
   4416.979       12.74600    
   4419.062       12.76500    
   4421.144       12.79100    
   4423.226       12.81500    
   4425.309       12.81900    
   4427.391       12.79800    
   4429.473       12.77100    
   4431.555       12.74800    
   4433.638       12.73400    
   4435.720       12.73000    
   4437.802       12.72200    
   4439.884       12.70600    
   4441.967       12.68700    
   4444.049       12.67000    
   4446.131       12.66600    
   4448.213       12.65700    
   4450.296       12.64500    
   4452.378       12.63200    
   4454.460       12.61400    
   4456.542       12.60200    
   4458.625       12.59000    
   4460.707       12.57600    
   4462.789       12.55800    
   4464.872       12.55800    
   4466.954       12.57100    
   4469.036       12.57100    
   4471.118       12.55600    
   4473.201       12.55700    
   4475.283       12.57200    
   4477.365       12.57200    
   4479.447       12.56300    
   4481.530       12.55000    
   4483.612       12.53600    
   4485.694       12.51800    
   4487.776       12.50800    
   4489.859       12.50000    
   4491.941       12.50300    
   4494.023       12.51400    
   4496.105       12.53500    
   4498.188       12.54800    
   4500.271       12.54500    
   4502.353       12.52200    
   4504.435       12.50200    
   4506.517       12.48300    
   4508.599       12.47900    
   4510.682       12.48100    
   4512.764       12.47500    
   4514.846       12.46500    
   4516.928       12.45500    
   4519.011       12.45300    
   4521.093       12.45400    
   4523.175       12.45300    
   4525.257       12.44600    
   4527.340       12.44100    
   4529.422       12.43800    
   4531.504       12.44000    
   4533.586       12.44000    
   4535.669       12.45200    
   4537.751       12.46100    
   4539.833       12.46000    
   4541.916       12.44400    
   4543.998       12.42400    
   4546.080       12.40000    
   4548.163       12.38600    
   4550.245       12.37800    
   4552.327       12.37300    
   4554.409       12.37100    
   4556.492       12.36900    
   4558.574       12.37700    
   4560.656       12.38700    
   4562.738       12.38800    
   4564.820       12.37800    
   4566.903       12.37000    
   4568.985       12.37100    
   4571.067       12.38200    
   4573.149       12.39200    
   4575.232       12.39300    
   4577.314       12.38400    
   4579.396       12.38000    
   4581.479       12.37900    
   4583.561       12.37400    
   4585.644       12.36700    
   4587.726       12.36000    
   4589.808       12.35200    
   4591.890       12.34300    
   4593.973       12.34900    
   4596.055       12.35000    
   4598.137       12.34200    
   4600.219       12.32600    
   4602.302       12.31800    
   4604.384       12.32200    
   4606.466       12.32800    
   4608.548       12.32700    
   4610.631       12.32000    
   4612.713       12.30900    
   4614.795       12.29700    
   4616.877       12.28600    
   4618.959       12.26700    
   4621.042       12.25400    
   4623.124       12.24600    
   4625.207       12.23700    
   4627.289       12.22100    
   4629.371       12.20900    
   4631.453       12.18300    
   4633.536       12.15700    
   4635.618       12.13900    
   4637.700       12.13200    
   4639.782       12.12200    
   4641.865       12.11100    
   4643.947       12.11000    
   4646.029       12.12600    
   4648.111       12.12800    
   4650.194       12.13200    
   4652.276       12.14400    
   4654.358       12.16000    
   4656.440       12.16100    
   4658.523       12.16300    
   4660.605       12.16600    
   4662.688       12.16900    
   4664.770       12.17400    
   4666.852       12.16900    
   4668.934       12.15600    
   4671.017       12.13900    
   4673.099       12.13500    
   4675.181       12.13100    
   4677.263       12.12100    
   4679.346       12.09900    
   4681.428       12.07300    
   4683.510       12.04400    
   4685.592       12.02900    
   4687.675       12.02800    
   4689.757       12.04100    
   4691.839       12.05900    
   4693.921       12.07700    
   4696.004       12.08700    
   4698.086       12.09200    
   4700.168       12.09700    
   4702.250       12.09700    
   4704.333       12.10500    
   4706.415       12.11400    
   4708.497       12.11800    
   4710.580       12.12000    
   4712.662       12.12500    
   4714.744       12.13600    
   4716.826       12.14500    
   4718.909       12.14200    
   4720.991       12.13600    
   4723.073       12.14200    
   4725.155       12.15600    
   4727.238       12.16000    
   4729.320       12.15700    
   4731.402       12.15000    
   4733.484       12.13900    
   4735.567       12.13800    
   4737.649       12.13000    
   4739.731       12.12200    
   4741.813       12.11100    
   4743.896       12.11600    
   4745.978       12.11700    
   4748.061       12.11800    
   4750.143       12.12800    
   4752.225       12.14500    
   4754.307       12.15700    
   4756.390       12.15900    
   4758.472       12.15700    
   4760.554       12.15800    
   4762.636       12.14800    
   4764.719       12.13900    
   4766.801       12.13600    
   4768.883       12.12700    
   4770.965       12.11100    
   4773.048       12.10000    
   4775.130       12.10200    
   4777.212       12.11100    
   4779.294       12.11400    
   4781.377       12.10000    
   4783.459       12.08400    
   4785.541       12.08200    
   4787.624       12.07800    
   4789.706       12.06500    
   4791.788       12.04600    
   4793.870       12.04600    
   4795.953       12.03700    
   4798.035       12.03100    
   4800.117       12.03000    
   4802.199       12.03700    
   4804.282       12.03700    
   4806.364       12.03800    
   4808.446       12.03400    
   4810.528       12.02800    
   4812.611       12.02100    
   4814.693       12.02100    
   4816.775       12.01700    
   4818.857       12.01100    
   4820.940       12.00600    
   4823.022       12.01000    
   4825.104       12.01300    
   4827.187       12.00500    
   4829.269       11.98900    
   4831.352       11.98000    
   4833.434       11.97500    
   4835.516       11.97400    
   4837.598       11.97700    
   4839.680       11.97000    
   4841.763       11.96600    
   4843.845       11.96800    
   4845.927       11.97500    
   4848.009       11.98500    
   4850.092       12.00000    
   4852.174       12.01500    
   4854.256       12.02500    
   4856.338       12.03800    
   4858.421       12.05100    
   4860.503       12.04800    
   4862.585       12.02700    
   4864.667       11.99900    
   4866.750       11.97800    
   4868.832       11.96100    
   4870.915       11.94900    
   4872.997       11.95000    
   4875.079       11.94800    
   4877.161       11.95600    
   4879.244       11.96700    
   4881.326       11.97600    
   4883.408       11.97600    
   4885.490       11.97400    
   4887.573       11.96600    
   4889.655       11.95600    
   4891.737       11.94900    
   4893.819       11.94700    
   4895.901       11.94100    
   4897.984       11.92800    
   4900.066       11.90900    
   4902.148       11.89200    
   4904.230       11.88400    
   4906.313       11.87800    
   4908.396       11.87400    
   4910.478       11.86100    
   4912.560       11.85400    
   4914.642       11.85300    
   4916.725       11.85100    
   4918.807       11.84700    
   4920.889       11.84000    
   4922.971       11.83500    
   4925.054       11.83100    
   4927.136       11.84000    
   4929.218       11.84300    
   4931.300       11.84300    
   4933.383       11.84000    
   4935.465       11.83900    
   4937.547       11.82800    
   4939.629       11.81500    
   4941.712       11.80500    
   4943.794       11.80300    
   4945.876       11.80600    
   4947.958       11.80600    
   4950.041       11.80100    
   4952.123       11.79200    
   4954.205       11.78700    
   4956.288       11.78600    
   4958.370       11.78500    
   4960.452       11.78000    
   4962.534       11.78700    
   4964.617       11.78000    
   4966.699       11.76600    
   4968.781       11.75600    
   4970.863       11.75500    
   4972.946       11.74500    
   4975.028       11.73900    
   4977.110       11.74100    
   4979.192       11.75300    
   4981.275       11.76300    
   4983.357       11.76500    
   4985.439       11.75700    
   4987.521       11.73900    
   4989.604       11.72500    
   4991.686       11.71400    
   4993.769       11.70900    
   4995.851       11.70500    
   4997.933       11.70500    
   5000.015       11.69900    
   5002.098       11.69000    
   5004.180       11.68600    
   5006.262       11.69100    
   5008.344       11.68800    
   5010.427       11.68000    
   5012.509       11.67200    
   5014.591       11.67100    
   5016.673       11.67300    
   5018.756       11.67100    
   5020.838       11.66300    
   5022.920       11.65600    
   5025.002       11.65400    
   5027.085       11.66100    
   5029.167       11.66700    
   5031.249       11.67600    
   5033.332       11.67500    
   5035.414       11.66200    
   5037.496       11.64500    
   5039.578       11.63300    
   5041.661       11.62300    
   5043.743       11.61900    
   5045.825       11.62400    
   5047.907       11.63000    
   5049.990       11.62100    
   5052.072       11.61900    
   5054.154       11.61600    
   5056.236       11.60800    
   5058.319       11.59400    
   5060.401       11.59100    
   5062.483       11.58900    
   5064.565       11.58400    
   5066.648       11.56800    
   5068.730       11.56500    
   5070.813       11.57400    
   5072.895       11.58100    
   5074.977       11.56800    
   5077.059       11.55600    
   5079.142       11.55800    
   5081.224       11.56300    
   5083.306       11.55900    
   5085.388       11.54100    
   5087.471       11.52700    
   5089.553       11.51100    
   5091.635       11.49400    
   5093.717       11.49500    
   5095.800       11.50200    
   5097.882       11.50300    
   5099.964       11.50300    
   5102.046       11.50500    
   5104.129       11.50300    
   5106.211       11.50000    
   5108.293       11.49800    
   5110.375       11.49900    
   5112.458       11.49600    
   5114.540       11.48700    
   5116.623       11.47100    
   5118.705       11.45700    
   5120.787       11.45000    
   5122.869       11.44800    
   5124.951       11.44400    
   5127.034       11.43700    
   5129.116       11.43800    
   5131.198       11.43600    
   5133.280       11.42800    
   5135.363       11.41600    
   5137.445       11.41100    
   5139.527       11.40200    
   5141.609       11.39500    
   5143.692       11.39300    
   5145.774       11.40400    
   5147.856       11.41500    
   5149.938       11.41500    
   5152.021       11.40800    
   5154.104       11.40200    
   5156.186       11.39100    
   5158.268       11.37900    
   5160.350       11.37600    
   5162.433       11.38100    
   5164.515       11.38700    
   5166.597       11.37600    
   5168.679       11.36600    
   5170.762       11.36300    
   5172.844       11.35900    
   5174.926       11.35400    
   5177.008       11.34800    
   5179.091       11.33500    
   5181.173       11.31200    
   5183.255       11.30500    
   5185.337       11.31200    
   5187.420       11.32300    
   5189.502       11.32500    
   5191.584       11.31700    
   5193.667       11.31000    
   5195.749       11.31300    
   5197.831       11.32000    
   5199.913       11.33000    
   5201.996       11.33200    
   5204.078       11.33000    
   5206.160       11.31900    
   5208.242       11.30600    
   5210.324       11.29900    
   5212.407       11.29300    
   5214.489       11.28600    
   5216.571       11.28400    
   5218.653       11.29200    
   5220.736       11.29100    
   5222.818       11.28100    
   5224.900       11.25800    
   5226.982       11.24500    
   5229.065       11.24600    
   5231.147       11.25500    
   5233.229       11.25600    
   5235.312       11.23900    
   5237.394       11.23200    
   5239.477       11.23000    
   5241.559       11.23000    
   5243.641       11.23100    
   5245.723       11.22800    
   5247.806       11.21500    
   5249.888       11.19500    
   5251.970       11.18200    
   5254.052       11.17600    
   5256.135       11.18400    
   5258.217       11.18800    
   5260.299       11.18300    
   5262.381       11.18200    
   5264.464       11.18100    
   5266.546       11.16500    
   5268.628       11.14800    
   5270.710       11.15000    
   5272.793       11.14700    
   5274.875       11.14100    
   5276.957       11.13800    
   5279.040       11.14200    
   5281.122       11.14600    
   5283.204       11.15000    
   5285.286       11.14700    
   5287.369       11.13000    
   5289.451       11.13100    
   5291.533       11.13700    
   5293.615       11.13400    
   5295.698       11.11600    
   5297.780       11.10500    
   5299.862       11.09900    
   5301.944       11.09600    
   5304.027       11.09100    
   5306.109       11.09000    
   5308.191       11.08600    
   5310.273       11.07200    
   5312.356       11.06300    
   5314.438       11.05200    
   5316.521       11.04500    
   5318.603       11.04900    
   5320.685       11.05900    
   5322.767       11.07200    
   5324.850       11.07000    
   5326.932       11.05000    
   5329.014       11.03000    
   5331.096       11.03700    
   5333.179       11.03800    
   5335.261       11.02900    
   5337.343       11.01800    
   5339.425       11.02100    
   5341.508       11.02200    
   5343.590       11.02200    
   5345.672       11.02400    
   5347.754       11.02700    
   5349.837       11.02000    
   5351.919       11.00500    
   5354.001       10.99400    
   5356.083       10.99400    
   5358.166       11.04300    
   5360.248       11.04100    
   5362.330       11.04300    
   5364.413       11.04000    
   5366.495       11.03900    
   5368.577       11.03800    
   5370.659       11.04000    
   5372.742       11.04100    
   5374.824       11.03500    
   5376.906       11.02300    
   5378.988       11.01000    
   5381.071       11.00700    
   5383.153       11.01000    
   5385.235       11.01700    
   5387.317       11.01700    
   5389.400       11.01000    
   5391.482       11.00000    
   5393.564       10.98900    
   5395.646       10.98300    
   5397.729       10.98700    
   5399.812       10.99400    
   5401.894       11.00500    
   5403.976       11.01900    
   5406.058       11.03400    
   5408.141       11.04200    
   5410.223       11.04400    
   5412.305       11.03800    
   5414.387       11.02200    
   5416.470       11.00400    
   5418.552       10.98600    
   5420.634       10.96500    
   5422.716       10.95200    
   5424.799       10.94800    
   5426.881       10.95000    
   5428.963       10.94500    
   5431.045       10.93500    
   5433.127       10.93000    
   5435.210       10.93200    
   5437.292       10.93400    
   5439.374       10.93500    
   5441.457       10.93700    
   5443.539       10.93500    
   5445.621       10.93000    
   5447.703       10.92600    
   5449.786       10.92500    
   5451.868       10.92300    
   5453.950       10.91800    
   5456.032       10.90900    
   5458.115       10.90100    
   5460.197       10.89600    
   5462.279       10.89200    
   5464.361       10.88300    
   5466.444       10.87300    
   5468.526       10.86600    
   5470.608       10.86400    
   5472.690       10.86200    
   5474.773       10.85700    
   5476.855       10.85300    
   5478.938       10.85300    
   5481.020       10.85400    
   5483.102       10.85000    
   5485.185       10.84800    
   5487.267       10.84700    
   5489.349       10.84400    
   5491.431       10.83500    
   5493.514       10.81900    
   5495.596       10.80200    
   5497.678       10.79000    
   5499.760       10.78800    
   5501.843       10.79300    
   5503.925       10.79900    
   5506.007       10.80200    
   5508.089       10.80000    
   5510.172       10.79100    
   5512.254       10.78300    
   5514.336       10.77500    
   5516.418       10.77000    
   5518.501       10.76300    
   5520.583       10.76000    
   5522.665       10.75500    
   5524.748       10.75000    
   5526.830       10.75100    
   5528.912       10.75500    
   5530.994       10.75400    
   5533.077       10.74500    
   5535.159       10.74100    
   5537.241       10.74000    
   5539.323       10.74000    
   5541.405       10.73800    
   5543.488       10.73300    
   5545.570       10.73000    
   5547.652       10.72600    
   5549.734       10.72300    
   5551.817       10.72100    
   5553.899       10.71800    
   5555.981       10.71100    
   5558.063       10.70300    
   5560.146       10.69700    
   5562.229       10.68900    
   5564.311       10.68200    
   5566.393       10.67500    
   5568.475       10.66100    
   5570.558       10.64800    
   5572.640       10.64100    
   5574.722       10.64100    
   5576.804       10.63400    
   5578.887       10.62600    
   5580.969       10.62100    
   5583.051       10.62900    
   5585.133       10.64600    
   5587.216       10.66000    
   5589.298       10.66500    
   5591.380       10.66300    
   5593.462       10.65700    
   5595.545       10.65200    
   5597.627       10.64700    
   5599.709       10.64400    
   5601.792       10.64200    
   5603.874       10.64300    
   5605.956       10.63800    
   5608.038       10.63200    
   5610.121       10.62700    
   5612.203       10.61800    
   5614.285       10.61200    
   5616.367       10.60100    
   5618.450       10.59000    
   5620.532       10.58500    
   5622.614       10.58600    
   5624.696       10.58900    
   5626.779       10.59200    
   5628.861       10.59600    
   5630.943       10.59200    
   5633.025       10.58300    
   5635.108       10.57800    
   5637.190       10.58000    
   5639.272       10.58000    
   5641.354       10.57500    
   5643.437       10.56900    
   5645.520       10.56800    
   5647.602       10.57400    
   5649.684       10.57300    
   5651.766       10.56600    
   5653.848       10.55700    
   5655.931       10.55300    
   5658.013       10.55500    
   5660.095       10.55400    
   5662.177       10.55200    
   5664.260       10.54900    
   5666.342       10.54700    
   5668.424       10.54800    
   5670.506       10.54800    
   5672.589       10.54900    
   5674.671       10.54200    
   5676.753       10.53300    
   5678.835       10.52800    
   5680.918       10.52400    
   5683.000       10.51800    
   5685.082       10.50800    
   5687.165       10.50200    
   5689.247       10.50400    
   5691.329       10.50700    
   5693.411       10.50300    
   5695.494       10.49900    
   5697.576       10.49600    
   5699.658       10.49700    
   5701.740       10.50300    
   5703.823       10.51100    
   5705.905       10.51700    
   5707.987       10.51500    
   5710.069       10.51200    
   5712.152       10.50600    
   5714.234       10.49700    
   5716.316       10.49000    
   5718.398       10.48600    
   5720.481       10.48300    
   5722.563       10.47800    
   5724.646       10.47000    
   5726.728       10.46400    
   5728.810       10.46400    
   5730.893       10.46600    
   5732.975       10.46700    
   5735.057       10.46800    
   5737.139       10.47000    
   5739.222       10.46800    
   5741.304       10.46200    
   5743.386       10.45600    
   5745.468       10.45700    
   5747.551       10.45700    
   5749.633       10.45400    
   5751.715       10.44700    
   5753.797       10.44400    
   5755.880       10.43800    
   5757.962       10.42900    
   5760.044       10.42100    
   5762.126       10.42500    
   5764.208       10.43400    
   5766.291       10.44500    
   5768.373       10.45600    
   5770.455       10.46600    
   5772.538       10.48500    
   5774.620       10.50700    
   5776.702       10.52800    
   5778.784       10.53800    
   5780.867       10.53300    
   5782.949       10.51300    
   5785.031       10.48200    
   5787.113       10.46100    
   5789.196       10.44900    
   5791.278       10.44700    
   5793.360       10.45100    
   5795.442       10.45700    
   5797.525       10.45400    
   5799.607       10.44300    
   5801.689       10.42500    
   5803.771       10.40400    
   5805.854       10.39000    
   5807.937       10.38500    
   5810.019       10.38500    
   5812.101       10.38600    
   5814.183       10.37900    
   5816.266       10.37500    
   5818.348       10.37300    
   5820.430       10.36700    
   5822.512       10.35400    
   5824.595       10.34500    
   5826.677       10.33700    
   5828.759       10.32600    
   5830.841       10.32200    
   5832.924       10.32600    
   5835.006       10.33000    
   5837.088       10.33400    
   5839.170       10.33500    
   5841.253       10.33900    
   5843.335       10.34700    
   5845.417       10.35100    
   5847.500       10.35200    
   5849.582       10.34600    
   5851.664       10.33900    
   5853.746       10.33000    
   5855.829       10.32300    
   5857.911       10.31800    
   5859.993       10.31400    
   5862.075       10.31200    
   5864.158       10.31200    
   5866.240       10.31800    
   5868.322       10.32500    
   5870.404       10.33400    
   5872.487       10.33900    
   5874.569       10.33900    
   5876.651       10.33200    
   5878.733       10.32400    
   5880.815       10.32200    
   5882.898       10.33400    
   5884.980       10.36200    
   5887.063       10.39600    
   5889.145       10.42500    
   5891.227       10.43500    
   5893.310       10.42400    
   5895.392       10.40100    
   5897.474       10.37100    
   5899.556       10.33300    
   5901.639       10.30300    
   5903.721       10.28200    
   5905.803       10.27200    
   5907.885       10.27200    
   5909.968       10.27000    
   5912.050       10.27100    
   5914.132       10.26700    
   5916.214       10.25600    
   5918.297       10.25400    
   5920.379       10.26600    
   5922.461       10.25900    
   5924.543       10.25300    
   5926.626       10.25800    
   5928.708       10.26000    
   5930.790       10.28800    
   5932.873       10.27700    
   5934.955       10.27400    
   5937.037       10.27500    
   5939.119       10.27700    
   5941.202       10.27500    
   5943.284       10.27400    
   5945.366       10.26700    
   5947.448       10.25300    
   5949.531       10.23900    
   5951.613       10.23700    
   5953.695       10.24700    
   5955.777       10.24900    
   5957.860       10.24400    
   5959.942       10.23600    
   5962.024       10.23600    
   5964.106       10.23800    
   5966.189       10.24300    
   5968.271       10.25200    
   5970.354       10.26300    
   5972.436       10.26800    
   5974.518       10.26600    
   5976.601       10.25900    
   5978.683       10.24500    
   5980.765       10.23400    
   5982.847       10.22800    
   5984.930       10.22700    
   5987.012       10.22600    
   5989.094       10.22300    
   5991.176       10.22200    
   5993.258       10.22200    
   5995.341       10.21600    
   5997.423       10.20900    
   5999.505       10.20900    
   6001.587       10.21600    
   6003.670       10.22200    
   6005.752       10.22300    
   6007.834       10.22000    
   6009.917       10.21100    
   6011.999       10.19300    
   6014.081       10.18200    
   6016.163       10.18200    
   6018.246       10.18700    
   6020.328       10.19400    
   6022.410       10.19200    
   6024.492       10.18700    
   6026.575       10.18000    
   6028.657       10.17500    
   6030.739       10.16800    
   6032.821       10.16800    
   6034.904       10.17000    
   6036.986       10.17200    
   6039.068       10.16100    
   6041.150       10.15500    
   6043.233       10.15500    
   6045.315       10.16000    
   6047.397       10.15900    
   6049.479       10.14400    
   6051.562       10.13100    
   6053.645       10.12500    
   6055.727       10.13100    
   6057.809       10.13600    
   6059.891       10.14400    
   6061.974       10.15400    
   6064.056       10.16000    
   6066.138       10.15300    
   6068.220       10.14300    
   6070.303       10.13300    
   6072.385       10.12500    
   6074.467       10.11600    
   6076.549       10.10200    
   6078.632       10.09000    
   6080.714       10.08700    
   6082.796       10.09600    
   6084.878       10.09800    
   6086.961       10.09800    
   6089.043       10.10000    
   6091.125       10.10900    
   6093.208       10.11200    
   6095.290       10.11200    
   6097.372       10.10800    
   6099.454       10.10300    
   6101.536       10.09800    
   6103.619       10.09000    
   6105.701       10.08100    
   6107.783       10.07500    
   6109.865       10.07500    
   6111.948       10.07500    
   6114.030       10.07600    
   6116.112       10.08500    
   6118.194       10.08600    
   6120.277       10.07900    
   6122.359       10.07300    
   6124.441       10.07500    
   6126.523       10.07700    
   6128.606       10.07400    
   6130.688       10.07100    
   6132.771       10.07200    
   6134.853       10.07900    
   6136.935       10.07300    
   6139.018       10.07000    
   6141.100       10.07500    
   6143.182       10.08600    
   6145.264       10.08200    
   6147.347       10.07300    
   6149.429       10.06300    
   6151.511       10.06400    
   6153.593       10.07000    
   6155.676       10.07900    
   6157.758       10.08600    
   6159.840       10.09000    
   6161.922       10.09900    
   6164.005       10.11000    
   6166.087       10.11900    
   6168.169       10.12200    
   6170.251       10.11800    
   6172.334       10.11700    
   6174.416       10.11700    
   6176.498       10.12100    
   6178.581       10.11900    
   6180.663       10.11300    
   6182.745       10.10400    
   6184.827       10.09400    
   6186.910       10.08800    
   6188.992       10.09100    
   6191.074       10.09800    
   6193.156       10.10500    
   6195.239       10.10600    
   6197.321       10.10500    
   6199.403       10.10600    
   6201.485       10.10600    
   6203.568       10.09700    
   6205.650       10.07900    
   6207.732       10.06200    
   6209.814       10.04700    
   6211.897       10.03800    
   6213.979       10.03100    
   6216.062       10.02500    
   6218.144       10.02200    
   6220.226       10.02300    
   6222.308       10.01700    
   6224.391       10.01200    
   6226.473       10.01500    
   6228.555       10.02900    
   6230.637       10.04000    
   6232.720       10.03800    
   6234.802       10.02800    
   6236.884       10.01600    
   6238.966       10.01400    
   6241.049       10.01100    
   6243.131       10.00900    
   6245.213       10.00700    
   6247.295       10.00700    
   6249.378       10.00200    
   6251.460       10.00200    
   6253.542       10.00500    
   6255.625       10.00800    
   6257.707       10.00500    
   6259.789       9.998000    
   6261.871       9.993000    
   6263.954       9.994000    
   6266.036       10.00800    
   6268.118       10.02200    
   6270.200       10.03200    
   6272.283       10.03900    
   6274.365       10.06200    
   6276.447       10.09900    
   6278.529       10.14500    
   6280.612       10.19400    
   6282.694       10.21500    
   6284.776       10.19500    
   6286.858       10.15300    
   6288.941       10.10100    
   6291.023       10.06000    
   6293.105       10.02900    
   6295.188       10.00600    
   6297.270       9.992000    
   6299.353       9.986000    
   6301.435       9.990000    
   6303.517       9.992000    
   6305.599       9.993000    
   6307.682       9.996000    
   6309.764       10.00000    
   6311.846       10.00100    
   6313.928       10.00100    
   6316.011       10.00400    
   6318.093       10.00200    
   6320.175       9.992000    
   6322.257       9.977000    
   6324.340       9.964000    
   6326.422       9.954000    
   6328.504       9.948000    
   6330.586       9.946000    
   6332.668       9.947000    
   6334.751       9.943000    
   6336.833       9.944000    
   6338.915       9.947000    
   6340.998       9.950000    
   6343.080       9.947000    
   6345.162       9.945000    
   6347.244       9.943000    
   6349.327       9.942000    
   6351.409       9.941000    
   6353.491       9.935000    
   6355.573       9.928000    
   6357.656       9.924000    
   6359.738       9.929000    
   6361.820       9.932000    
   6363.902       9.931000    
   6365.985       9.925000    
   6368.067       9.916000    
   6370.149       9.914000    
   6372.231       9.920000    
   6374.314       9.928000    
   6376.396       9.932000    
   6378.479       9.933000    
   6380.561       9.931000    
   6382.643       9.923000    
   6384.726       9.908000    
   6386.808       9.898000    
   6388.890       9.892000    
   6390.972       9.886000    
   6393.055       9.879000    
   6395.137       9.871000    
   6397.219       9.865000    
   6399.301       9.865000    
   6401.384       9.871000    
   6403.466       9.875000    
   6405.548       9.870000    
   6407.630       9.866000    
   6409.713       9.864000    
   6411.795       9.866000    
   6413.877       9.858000    
   6415.959       9.848000    
   6418.042       9.838000    
   6420.124       9.832000    
   6422.206       9.833000    
   6424.289       9.834000    
   6426.371       9.837000    
   6428.453       9.840000    
   6430.535       9.840000    
   6432.618       9.838000    
   6434.700       9.838000    
   6436.782       9.842000    
   6438.864       9.846000    
   6440.946       9.844000    
   6443.029       9.844000    
   6445.111       9.846000    
   6447.193       9.853000    
   6449.275       9.857000    
   6451.358       9.859000    
   6453.440       9.859000    
   6455.522       9.855000    
   6457.604       9.848000    
   6459.687       9.838000    
   6461.770       9.827000    
   6463.852       9.819000    
   6465.934       9.824000    
   6468.016       9.830000    
   6470.099       9.833000    
   6472.181       9.829000    
   6474.263       9.829000    
   6476.345       9.827000    
   6478.428       9.825000    
   6480.510       9.823000    
   6482.592       9.818000    
   6484.674       9.815000    
   6486.757       9.814000    
   6488.839       9.816000    
   6490.921       9.818000    
   6493.003       9.819000    
   6495.086       9.816000    
   6497.168       9.808000    
   6499.250       9.797000    
   6501.333       9.788000    
   6503.415       9.778000    
   6505.497       9.767000    
   6507.579       9.762000    
   6509.662       9.763000    
   6511.744       9.768000    
   6513.826       9.777000    
   6515.908       9.786000    
   6517.991       9.790000    
   6520.073       9.789000    
   6522.155       9.788000    
   6524.237       9.788000    
   6526.320       9.790000    
   6528.402       9.793000    
   6530.484       9.791000    
   6532.566       9.783000    
   6534.649       9.768000    
   6536.731       9.750000    
   6538.813       9.731000    
   6540.896       9.711000    
   6542.978       9.693000    
   6545.061       9.672000    
   6547.143       9.651000    
   6549.225       9.631000    
   6551.307       9.619000    
   6553.389       9.609000    
   6555.472       9.594000    
   6557.554       9.571000    
   6559.636       9.540000    
   6561.718       9.509000    
   6563.801       9.487000    
   6565.883       9.479000    
   6567.965       9.492000    
   6570.047       9.511000    
   6572.130       9.525000    
   6574.212       9.537000    
   6576.294       9.547000    
   6578.376       9.559000    
   6580.459       9.572000    
   6582.541       9.586000    
   6584.623       9.602000    
   6586.706       9.620000    
   6588.788       9.636000    
   6590.870       9.649000    
   6592.952       9.658000    
   6595.035       9.657000    
   6597.117       9.652000    
   6599.199       9.653000    
   6601.281       9.659000    
   6603.364       9.667000    
   6605.446       9.671000    
   6607.528       9.682000    
   6609.610       9.695000    
   6611.693       9.699000    
   6613.775       9.695000    
   6615.857       9.687000    
   6617.939       9.673000    
   6620.022       9.649000    
   6622.104       9.642000    
   6624.187       9.643000    
   6626.269       9.647000    
   6628.351       9.646000    
   6630.434       9.644000    
   6632.516       9.636000    
   6634.598       9.628000    
   6636.680       9.619000    
   6638.763       9.613000    
   6640.845       9.611000    
   6642.927       9.614000    
   6645.009       9.622000    
   6647.092       9.626000    
   6649.174       9.623000    
   6651.256       9.618000    
   6653.338       9.614000    
   6655.421       9.607000    
   6657.503       9.605000    
   6659.585       9.602000    
   6661.667       9.597000    
   6663.750       9.592000    
   6665.832       9.591000    
   6667.914       9.592000    
   6669.996       9.593000    
   6672.079       9.595000    
   6674.161       9.592000    
   6676.243       9.588000    
   6678.325       9.585000    
   6680.408       9.585000    
   6682.490       9.584000    
   6684.572       9.579000    
   6686.654       9.572000    
   6688.737       9.564000    
   6690.819       9.558000    
   6692.901       9.554000    
   6694.983       9.551000    
   6697.066       9.548000    
   6699.148       9.545000    
   6701.230       9.545000    
   6703.313       9.544000    
   6705.395       9.539000    
   6707.478       9.529000    
   6709.560       9.520000    
   6711.642       9.512000    
   6713.724       9.505000    
   6715.807       9.502000    
   6717.889       9.499000    
   6719.971       9.498000    
   6722.053       9.500000    
   6724.136       9.507000    
   6726.218       9.516000    
   6728.300       9.519000    
   6730.382       9.517000    
   6732.465       9.511000    
   6734.547       9.501000    
   6736.629       9.501000    
   6738.711       9.505000    
   6740.794       9.508000    
   6742.876       9.500000    
   6744.958       9.495000    
   6747.041       9.495000    
   6749.123       9.498000    
   6751.205       9.505000    
   6753.287       9.507000    
   6755.370       9.503000    
   6757.452       9.493000    
   6759.534       9.481000    
   6761.616       9.486000    
   6763.699       9.494000    
   6765.781       9.500000    
   6767.863       9.498000    
   6769.945       9.491000    
   6772.028       9.486000    
   6774.110       9.483000    
   6776.192       9.482000    
   6778.274       9.479000    
   6780.356       9.472000    
   6782.439       9.461000    
   6784.521       9.449000    
   6786.604       9.442000    
   6788.686       9.440000    
   6790.768       9.439000    
   6792.851       9.438000    
   6794.933       9.447000    
   6797.015       9.457000    
   6799.097       9.461000    
   6801.180       9.460000    
   6803.262       9.454000    
   6805.344       9.446000    
   6807.426       9.443000    
   6809.509       9.443000    
   6811.591       9.445000    
   6813.673       9.447000    
   6815.755       9.446000    
   6817.838       9.444000    
   6819.920       9.442000    
   6822.002       9.437000    
   6824.084       9.435000    
   6826.167       9.434000    
   6828.249       9.437000    
   6830.331       9.434000    
   6832.414       9.435000    
   6834.496       9.438000    
   6836.578       9.446000    
   6838.660       9.454000    
   6840.743       9.454000    
   6842.825       9.451000    
   6844.907       9.445000    
   6846.989       9.443000    
   6849.072       9.440000    
   6851.154       9.438000    
   6853.236       9.439000    
   6855.318       9.445000    
   6857.401       9.455000    
   6859.483       9.467000    
   6861.565       9.484000    
   6863.647       9.516000    
   6865.730       9.578000    
   6867.813       9.637000    
   6869.895       9.674000    
   6871.977       9.675000    
   6874.059       9.631000    
   6876.142       9.579000    
   6878.224       9.533000    
   6880.306       9.506000    
   6882.388       9.511000    
   6884.471       9.523000    
   6886.553       9.538000    
   6888.635       9.551000    
   6890.717       9.553000    
   6892.799       9.541000    
   6894.882       9.524000    
   6896.964       9.509000    
   6899.046       9.501000    
   6901.128       9.493000    
   6903.211       9.484000    
   6905.293       9.472000    
   6907.375       9.455000    
   6909.458       9.434000    
   6911.540       9.420000    
   6913.622       9.412000    
   6915.704       9.408000    
   6917.787       9.405000    
   6919.869       9.402000    
   6921.951       9.399000    
   6924.033       9.394000    
   6926.116       9.402000    
   6928.198       9.414000    
   6930.280       9.425000    
   6932.362       9.427000    
   6934.445       9.425000    
   6936.527       9.425000    
   6938.609       9.427000    
   6940.691       9.431000    
   6942.774       9.429000    
   6944.856       9.419000    
   6946.938       9.406000    
   6949.021       9.393000    
   6951.103       9.385000    
   6953.186       9.377000    
   6955.268       9.372000    
   6957.350       9.368000    
   6959.432       9.362000    
   6961.515       9.348000    
   6963.597       9.336000    
   6965.679       9.328000    
   6967.761       9.329000    
   6969.844       9.331000    
   6971.926       9.332000    
   6974.008       9.333000    
   6976.090       9.335000    
   6978.173       9.338000    
   6980.255       9.339000    
   6982.337       9.342000    
   6984.419       9.349000    
   6986.502       9.357000    
   6988.584       9.364000    
   6990.666       9.366000    
   6992.749       9.360000    
   6994.831       9.346000    
   6996.913       9.334000    
   6998.995       9.327000    
   7001.077       9.323000    
   7003.160       9.322000    
   7005.242       9.320000    
   7007.324       9.318000    
   7009.406       9.318000    
   7011.489       9.324000    
   7013.571       9.329000    
   7015.653       9.331000    
   7017.735       9.331000    
   7019.818       9.327000    
   7021.900       9.321000    
   7023.982       9.315000    
   7026.064       9.310000    
   7028.147       9.305000    
   7030.229       9.297000    
   7032.312       9.288000    
   7034.394       9.282000    
   7036.476       9.282000    
   7038.559       9.283000    
   7040.641       9.282000    
   7042.723       9.279000    
   7044.805       9.276000    
   7046.888       9.271000    
   7048.970       9.265000    
   7051.052       9.257000    
   7053.134       9.249000    
   7055.217       9.248000    
   7057.299       9.257000    
   7059.381       9.266000    
   7061.463       9.272000    
   7063.546       9.276000    
   7065.628       9.275000    
   7067.710       9.271000    
   7069.792       9.265000    
   7071.875       9.262000    
   7073.957       9.257000    
   7076.039       9.253000    
   7078.122       9.249000    
   7080.204       9.247000    
   7082.286       9.242000    
   7084.368       9.235000    
   7086.451       9.230000    
   7088.533       9.228000    
   7090.615       9.227000    
   7092.697       9.223000    
   7094.780       9.221000    
   7096.862       9.221000    
   7098.944       9.223000    
   7101.026       9.220000    
   7103.109       9.215000    
   7105.191       9.207000    
   7107.273       9.204000    
   7109.355       9.198000    
   7111.438       9.192000    
   7113.520       9.187000    
   7115.603       9.186000    
   7117.685       9.183000    
   7119.767       9.178000    
   7121.849       9.173000    
   7123.932       9.174000    
   7126.014       9.181000    
   7128.096       9.184000    
   7130.178       9.184000    
   7132.261       9.183000    
   7134.343       9.190000    
   7136.425       9.197000    
   7138.507       9.201000    
   7140.590       9.203000    
   7142.672       9.201000    
   7144.754       9.197000    
   7146.836       9.199000    
   7148.919       9.204000    
   7151.001       9.208000    
   7153.083       9.204000    
   7155.166       9.197000    
   7157.248       9.191000    
   7159.330       9.192000    
   7161.412       9.209000    
   7163.495       9.236000    
   7165.577       9.268000    
   7167.659       9.299000    
   7169.741       9.328000    
   7171.824       9.352000    
   7173.906       9.370000    
   7175.988       9.380000    
   7178.070       9.386000    
   7180.153       9.391000    
   7182.235       9.394000    
   7184.317       9.395000    
   7186.399       9.387000    
   7188.482       9.377000    
   7190.564       9.368000    
   7192.646       9.363000    
   7194.729       9.356000    
   7196.811       9.353000    
   7198.894       9.351000    
   7200.976       9.346000    
   7203.058       9.328000    
   7205.140       9.296000    
   7207.223       9.262000    
   7209.305       9.232000    
   7211.387       9.213000    
   7213.469       9.207000    
   7215.552       9.204000    
   7217.634       9.206000    
   7219.716       9.214000    
   7221.798       9.228000    
   7223.881       9.235000    
   7225.963       9.238000    
   7228.045       9.239000    
   7230.127       9.256000    
   7232.210       9.267000    
   7234.292       9.270000    
   7236.374       9.267000    
   7238.456       9.264000    
   7240.539       9.264000    
   7242.621       9.263000    
   7244.703       9.261000    
   7246.785       9.263000    
   7248.868       9.271000    
   7250.950       9.276000    
   7253.032       9.276000    
   7255.114       9.271000    
   7257.197       9.260000    
   7259.279       9.254000    
   7261.361       9.255000    
   7263.443       9.264000    
   7265.526       9.257000    
   7267.608       9.248000    
   7269.690       9.243000    
   7271.772       9.247000    
   7273.855       9.258000    
   7275.938       9.259000    
   7278.020       9.245000    
   7280.102       9.217000    
   7282.184       9.193000    
   7284.267       9.194000    
   7286.349       9.209000    
   7288.431       9.233000    
   7290.513       9.246000    
   7292.596       9.240000    
   7294.678       9.225000    
   7296.760       9.208000    
   7298.842       9.208000    
   7300.925       9.220000    
   7303.007       9.228000    
   7305.089       9.228000    
   7307.171       9.219000    
   7309.254       9.210000    
   7311.336       9.208000    
   7313.418       9.207000    
   7315.500       9.201000    
   7317.583       9.181000    
   7319.665       9.162000    
   7321.747       9.146000    
   7323.829       9.134000    
   7325.912       9.125000    
   7327.994       9.124000    
   7330.076       9.128000    
   7332.158       9.136000    
   7334.241       9.137000    
   7336.323       9.132000    
   7338.405       9.130000    
   7340.487       9.130000    
   7342.570       9.129000    
   7344.652       9.126000    
   7346.734       9.124000    
   7348.816       9.120000    
   7350.899       9.113000    
   7352.981       9.110000    
   7355.063       9.112000    
   7357.146       9.115000    
   7359.229       9.114000    
   7361.311       9.109000    
   7363.393       9.110000    
   7365.475       9.112000    
   7367.558       9.108000    
   7369.640       9.094000    
   7371.722       9.085000    
   7373.804       9.081000    
   7375.887       9.083000    
   7377.969       9.079000    
   7380.051       9.079000    
   7382.133       9.082000    
   7384.216       9.087000    
   7386.298       9.090000    
   7388.380       9.087000    
   7390.462       9.082000    
   7392.544       9.078000    
   7394.627       9.079000    
   7396.709       9.081000    
   7398.791       9.081000    
   7400.873       9.077000    
   7402.956       9.071000    
   7405.038       9.068000    
   7407.120       9.067000    
   7409.202       9.068000    
   7411.285       9.067000    
   7413.367       9.062000    
   7415.449       9.058000    
   7417.531       9.058000    
   7419.614       9.065000    
   7421.696       9.074000    
   7423.778       9.079000    
   7425.860       9.078000    
   7427.943       9.069000    
   7430.025       9.056000    
   7432.107       9.049000    
   7434.189       9.045000    
   7436.272       9.044000    
   7438.354       9.042000    
   7440.437       9.042000    
   7442.519       9.044000    
   7444.602       9.046000    
   7446.684       9.040000    
   7448.766       9.027000    
   7450.848       9.019000    
   7452.931       9.020000    
   7455.013       9.028000    
   7457.095       9.025000    
   7459.177       9.019000    
   7461.260       9.014000    
   7463.342       9.016000    
   7465.424       9.018000    
   7467.506       9.021000    
   7469.589       9.024000    
   7471.671       9.029000    
   7473.753       9.025000    
   7475.835       9.022000    
   7477.918       9.022000    
   7480.000       9.027000    
   7482.082       9.031000    
   7484.164       9.026000    
   7486.247       9.018000    
   7488.329       9.011000    
   7490.411       9.005000    
   7492.493       8.998000    
   7494.576       8.987000    
   7496.658       8.973000    
   7498.740       8.960000    
   7500.822       8.960000    
   7502.904       8.964000    
   7504.987       8.967000    
   7507.069       8.961000    
   7509.151       8.962000    
   7511.233       8.963000    
   7513.316       8.960000    
   7515.398       8.951000    
   7517.480       8.942000    
   7519.563       8.940000    
   7521.646       8.942000    
   7523.728       8.943000    
   7525.810       8.942000    
   7527.892       8.944000    
   7529.975       8.948000    
   7532.057       8.953000    
   7534.139       8.958000    
   7536.221       8.958000    
   7538.304       8.953000    
   7540.386       8.946000    
   7542.468       8.949000    
   7544.550       8.963000    
   7546.633       8.969000    
   7548.715       8.966000    
   7550.797       8.959000    
   7552.879       8.963000    
   7554.962       8.967000    
   7557.044       8.969000    
   7559.126       8.970000    
   7561.208       8.963000    
   7563.291       8.955000    
   7565.373       8.948000    
   7567.455       8.941000    
   7569.537       8.949000    
   7571.620       8.955000    
   7573.702       8.957000    
   7575.784       8.955000    
   7577.866       8.961000    
   7579.949       8.967000    
   7582.031       8.976000    
   7584.113       8.990000    
   7586.195       9.025000    
   7588.278       9.086000    
   7590.360       9.182000    
   7592.442       9.319000    
   7594.524       9.513000    
   7596.607       9.715000    
   7598.689       9.894000    
   7600.771       10.03800    
   7602.854       10.12400    
   7604.937       10.13500    
   7607.019       10.08900    
   7609.101       9.988000    
   7611.183       9.836000    
   7613.266       9.656000    
   7615.348       9.504000    
   7617.430       9.403000    
   7619.512       9.375000    
   7621.594       9.440000    
   7623.677       9.508000    
   7625.759       9.561000    
   7627.841       9.586000    
   7629.923       9.586000    
   7632.006       9.583000    
   7634.088       9.571000    
   7636.170       9.547000    
   7638.252       9.513000    
   7640.335       9.477000    
   7642.417       9.441000    
   7644.499       9.403000    
   7646.581       9.362000    
   7648.664       9.317000    
   7650.746       9.276000    
   7652.828       9.240000    
   7654.910       9.202000    
   7656.993       9.173000    
   7659.075       9.154000    
   7661.157       9.144000    
   7663.239       9.135000    
   7665.322       9.112000    
   7667.404       9.082000    
   7669.486       9.054000    
   7671.568       9.035000    
   7673.651       9.021000    
   7675.733       9.005000    
   7677.815       8.992000    
   7679.897       8.987000    
   7681.980       8.982000    
   7684.063       8.978000    
   7686.145       8.974000    
   7688.227       8.970000    
   7690.310       8.962000    
   7692.392       8.964000    
   7694.474       8.974000    
   7696.556       8.987000    
   7698.639       8.983000    
   7700.721       8.966000    
   7702.803       8.948000    
   7704.885       8.935000    
   7706.968       8.931000    
   7709.050       8.921000    
   7711.132       8.908000    
   7713.214       8.895000    
   7715.297       8.888000    
   7717.379       8.886000    
   7719.461       8.884000    
   7721.543       8.878000    
   7723.626       8.867000    
   7725.708       8.859000    
   7727.790       8.859000    
   7729.872       8.862000    
   7731.954       8.865000    
   7734.037       8.869000    
   7736.119       8.871000    
   7738.201       8.866000    
   7740.283       8.855000    
   7742.366       8.855000    
   7744.448       8.857000    
   7746.530       8.855000    
   7748.612       8.848000    
   7750.695       8.844000    
   7752.777       8.845000    
   7754.859       8.836000    
   7756.941       8.823000    
   7759.024       8.821000    
   7761.106       8.831000    
   7763.188       8.835000    
   7765.271       8.832000    
   7767.354       8.821000    
   7769.436       8.818000    
   7771.518       8.817000    
   7773.600       8.819000    
   7775.683       8.823000    
   7777.765       8.816000    
   7779.847       8.806000    
   7781.929       8.800000    
   7784.012       8.799000    
   7786.094       8.789000    
   7788.176       8.785000    
   7790.258       8.785000    
   7792.341       8.786000    
   7794.423       8.781000    
   7796.505       8.765000    
   7798.587       8.755000    
   7800.670       8.755000    
   7802.752       8.763000    
   7804.834       8.756000    
   7806.916       8.743000    
   7808.999       8.733000    
   7811.081       8.735000    
   7813.163       8.740000    
   7815.245       8.740000    
   7817.328       8.736000    
   7819.410       8.737000    
   7821.492       8.742000    
   7823.574       8.749000    
   7825.657       8.752000    
   7827.739       8.747000    
   7829.821       8.736000    
   7831.903       8.729000    
   7833.986       8.728000    
   7836.068       8.732000    
   7838.150       8.740000    
   7840.232       8.736000    
   7842.314       8.726000    
   7844.397       8.714000    
   7846.479       8.715000    
   7848.562       8.711000    
   7850.644       8.705000    
   7852.727       8.699000    
   7854.809       8.691000    
   7856.891       8.684000    
   7858.973       8.680000    
   7861.056       8.679000    
   7863.138       8.679000    
   7865.220       8.682000    
   7867.302       8.678000    
   7869.385       8.670000    
   7871.467       8.662000    
   7873.549       8.667000    
   7875.631       8.675000    
   7877.714       8.682000    
   7879.796       8.685000    
   7881.878       8.683000    
   7883.960       8.686000    
   7886.043       8.691000    
   7888.125       8.695000    
   7890.207       8.692000    
   7892.289       8.690000    
   7894.372       8.691000    
   7896.454       8.694000    
   7898.536       8.694000    
   7900.618       8.692000    
   7902.701       8.690000    
   7904.783       8.688000    
   7906.865       8.682000    
   7908.947       8.672000    
   7911.030       8.671000    
   7913.112       8.675000    
   7915.194       8.678000    
   7917.276       8.682000    
   7919.359       8.683000    
   7921.441       8.678000    
   7923.523       8.668000    
   7925.605       8.665000    
   7927.688       8.666000    
   7929.771       8.666000    
   7931.853       8.659000    
   7933.935       8.643000    
   7936.018       8.629000    
   7938.100       8.620000    
   7940.182       8.620000    
   7942.264       8.628000    
   7944.347       8.638000    
   7946.429       8.640000    
   7948.511       8.634000    
   7950.593       8.627000    
   7952.675       8.629000    
   7954.758       8.629000    
   7956.840       8.626000    
   7958.922       8.625000    
   7961.004       8.625000    
   7963.087       8.628000    
   7965.169       8.632000    
   7967.251       8.638000    
   7969.333       8.642000    
   7971.416       8.638000    
   7973.498       8.628000    
   7975.580       8.613000    
   7977.662       8.616000    
   7979.745       8.613000    
   7981.827       8.607000    
   7983.909       8.600000    
   7985.991       8.602000    
   7988.074       8.604000    
   7990.156       8.607000    
   7992.238       8.611000    
   7994.320       8.616000    
   7996.403       8.610000    
   7998.485       8.603000    
   8000.567       8.599000    
   8002.649       8.603000    
   8004.732       8.610000    
   8006.814       8.617000    
   8008.896       8.623000    
   8010.979       8.628000    
   8013.062       8.624000    
   8015.144       8.615000    
   8017.226       8.606000    
   8019.308       8.604000    
   8021.391       8.607000    
   8023.473       8.612000    
   8025.555       8.615000    
   8027.637       8.613000    
   8029.720       8.597000    
   8031.802       8.585000    
   8033.884       8.583000    
   8035.966       8.592000    
   8038.049       8.587000    
   8040.131       8.586000    
   8042.213       8.585000    
   8044.295       8.583000    
   8046.378       8.572000    
   8048.460       8.568000    
   8050.542       8.570000    
   8052.624       8.574000    
   8054.707       8.576000    
   8056.789       8.574000    
   8058.871       8.573000    
   8060.953       8.573000    
   8063.036       8.576000    
   8065.118       8.565000    
   8067.200       8.554000    
   8069.282       8.546000    
   8071.364       8.548000    
   8073.447       8.556000    
   8075.529       8.553000    
   8077.611       8.544000    
   8079.693       8.535000    
   8081.776       8.537000    
   8083.858       8.545000    
   8085.940       8.553000    
   8088.022       8.559000    
   8090.105       8.555000    
   8092.188       8.556000    
   8094.270       8.559000    
   8096.352       8.560000    
   8098.435       8.559000    
   8100.517       8.558000    
   8102.599       8.554000    
   8104.681       8.546000    
   8106.764       8.537000    
   8108.846       8.539000    
   8110.928       8.543000    
   8113.010       8.551000    
   8115.093       8.562000    
   8117.175       8.569000    
   8119.257       8.573000    
   8121.339       8.579000    
   8123.422       8.590000    
   8125.504       8.601000    
   8127.586       8.608000    
   8129.668       8.613000    
   8131.751       8.618000    
   8133.833       8.631000    
   8135.915       8.644000    
   8137.997       8.656000    
   8140.080       8.666000    
   8142.162       8.671000    
   8144.244       8.672000    
   8146.326       8.674000    
   8148.409       8.679000    
   8150.491       8.694000    
   8152.573       8.703000    
   8154.655       8.703000    
   8156.738       8.694000    
   8158.820       8.682000    
   8160.902       8.668000    
   8162.984       8.660000    
   8165.067       8.654000    
   8167.149       8.648000    
   8169.231       8.641000    
   8171.313       8.634000    
   8173.396       8.620000    
   8175.479       8.597000    
   8177.561       8.586000    
   8179.643       8.561000    
   8181.725       8.536000    
   8183.808       8.519000    
   8185.890       8.504000    
   8187.972       8.487000    
   8190.054       8.447000    
   8192.137       8.447000    
