          49
   4096.000       13.01000    
   4136.000       13.13000    
   4176.000       13.09000    
   4216.000       13.04000    
   4256.000       13.04000    
   4296.000       13.06000    
   4336.000       13.05000    
   4376.000       13.02000    
   4416.000       13.04000    
   4456.000       13.08000    
   4496.000       13.10000    
   4536.000       13.10000    
   4576.000       13.06000    
   4616.000       13.08000    
   4656.000       13.07000    
   4696.000       13.04000    
   4736.000       13.04000    
   4776.000       13.03000    
   4816.000       13.02000    
   4856.000       13.02000    
   4896.000       13.04000    
   4936.000       13.05000    
   4976.000       13.07000    
   5016.000       13.06000    
   5056.000       13.06000    
   5096.000       13.10000    
   5136.000       13.07000    
   5176.000       13.08000    
   5216.000       13.08000    
   5256.000       13.10000    
   5296.000       13.05000    
   5336.000       13.07000    
   5376.000       13.07000    
   5416.000       13.13000    
   5456.000       13.13000    
   5496.000       13.11000    
   5536.000       13.11000    
   5576.000       13.13000    
   5616.000       13.16000    
   5656.000       13.18000    
   5696.000       13.18000    
   5736.000       13.19000    
   5776.000       13.20000    
   5816.000       13.23000    
   5856.000       13.38000    
   5896.000       13.31000    
   6000.000       13.26000    
   6072.000       13.30000    
   6152.000       13.27000    
