        2431
   3127.862       8.562000    
   3129.945       8.545000    
   3132.027       8.552000    
   3134.109       8.561000    
   3136.192       8.573000    
   3138.274       8.584000    
   3140.356       8.577000    
   3142.438       8.549000    
   3144.521       8.527000    
   3146.603       8.496000    
   3148.685       8.467000    
   3150.768       8.450000    
   3152.850       8.441000    
   3154.932       8.430000    
   3157.015       8.423000    
   3159.097       8.415000    
   3161.179       8.394000    
   3163.261       8.371000    
   3165.344       8.356000    
   3167.426       8.354000    
   3169.508       8.358000    
   3171.591       8.372000    
   3173.673       8.387000    
   3175.755       8.394000    
   3177.838       8.387000    
   3179.920       8.371000    
   3182.002       8.359000    
   3184.084       8.353000    
   3186.167       8.343000    
   3188.249       8.320000    
   3190.331       8.322000    
   3192.414       8.347000    
   3194.496       8.372000    
   3196.578       8.380000    
   3198.661       8.389000    
   3200.743       8.387000    
   3202.825       8.377000    
   3204.907       8.378000    
   3206.990       8.375000    
   3209.072       8.353000    
   3211.154       8.312000    
   3213.237       8.273000    
   3215.319       8.257000    
   3217.401       8.268000    
   3219.484       8.289000    
   3221.566       8.298000    
   3223.648       8.296000    
   3225.730       8.289000    
   3227.813       8.285000    
   3229.895       8.286000    
   3231.977       8.294000    
   3234.060       8.298000    
   3236.142       8.297000    
   3238.224       8.288000    
   3240.307       8.271000    
   3242.389       8.262000    
   3244.471       8.270000    
   3246.553       8.283000    
   3248.636       8.284000    
   3250.718       8.279000    
   3252.800       8.274000    
   3254.883       8.264000    
   3256.965       8.251000    
   3259.047       8.253000    
   3261.130       8.257000    
   3263.212       8.253000    
   3265.294       8.241000    
   3267.376       8.234000    
   3269.459       8.242000    
   3271.541       8.255000    
   3273.623       8.258000    
   3275.706       8.256000    
   3277.788       8.256000    
   3279.870       8.242000    
   3281.953       8.220000    
   3284.035       8.222000    
   3286.117       8.222000    
   3288.199       8.213000    
   3290.282       8.203000    
   3292.364       8.202000    
   3294.446       8.203000    
   3296.529       8.211000    
   3298.611       8.215000    
   3300.693       8.203000    
   3302.776       8.197000    
   3304.858       8.189000    
   3306.940       8.177000    
   3309.022       8.165000    
   3311.105       8.174000    
   3313.187       8.176000    
   3315.269       8.167000    
   3317.352       8.155000    
   3319.434       8.152000    
   3321.516       8.148000    
   3323.599       8.144000    
   3325.681       8.140000    
   3327.763       8.135000    
   3329.845       8.130000    
   3331.928       8.130000    
   3334.010       8.142000    
   3336.092       8.156000    
   3338.175       8.157000    
   3340.257       8.156000    
   3342.339       8.154000    
   3344.422       8.152000    
   3346.504       8.150000    
   3348.586       8.145000    
   3350.668       8.137000    
   3352.751       8.129000    
   3354.833       8.121000    
   3356.915       8.119000    
   3358.998       8.117000    
   3361.080       8.117000    
   3363.162       8.127000    
   3365.245       8.141000    
   3367.327       8.152000    
   3369.409       8.157000    
   3371.491       8.156000    
   3373.574       8.148000    
   3375.656       8.142000    
   3377.738       8.136000    
   3379.821       8.128000    
   3381.903       8.126000    
   3383.985       8.123000    
   3386.068       8.121000    
   3388.150       8.120000    
   3390.232       8.103000    
   3392.314       8.096000    
   3394.397       8.115000    
   3396.479       8.142000    
   3398.561       8.138000    
   3400.644       8.133000    
   3402.726       8.138000    
   3404.808       8.144000    
   3406.891       8.136000    
   3408.973       8.136000    
   3411.055       8.131000    
   3413.137       8.116000    
   3415.220       8.103000    
   3417.302       8.073000    
   3419.384       8.049000    
   3421.467       8.054000    
   3423.549       8.078000    
   3425.631       8.100000    
   3427.714       8.106000    
   3429.796       8.103000    
   3431.878       8.102000    
   3433.960       8.100000    
   3436.043       8.107000    
   3438.125       8.122000    
   3440.207       8.130000    
   3442.290       8.117000    
   3444.372       8.114000    
   3446.454       8.124000    
   3448.537       8.131000    
   3450.619       8.129000    
   3452.701       8.098000    
   3454.783       8.073000    
   3456.866       8.070000    
   3458.948       8.084000    
   3461.030       8.100000    
   3463.113       8.118000    
   3465.195       8.124000    
   3467.277       8.107000    
   3469.360       8.090000    
   3471.442       8.095000    
   3473.524       8.120000    
   3475.606       8.147000    
   3477.689       8.180000    
   3479.771       8.204000    
   3481.853       8.207000    
   3483.936       8.186000    
   3486.018       8.142000    
   3488.100       8.120000    
   3490.183       8.105000    
   3492.265       8.076000    
   3494.347       8.042000    
   3496.429       8.035000    
   3498.512       8.045000    
   3500.594       8.053000    
   3502.676       8.054000    
   3504.759       8.057000    
   3506.841       8.068000    
   3508.923       8.081000    
   3511.006       8.079000    
   3513.088       8.060000    
   3515.170       8.047000    
   3517.252       8.043000    
   3519.335       8.030000    
   3521.417       8.021000    
   3523.499       8.011000    
   3525.582       8.008000    
   3527.664       8.010000    
   3529.746       8.003000    
   3531.829       8.008000    
   3533.911       8.021000    
   3535.993       8.029000    
   3538.075       8.025000    
   3540.158       8.021000    
   3542.240       8.025000    
   3544.322       8.034000    
   3546.405       8.038000    
   3548.487       8.028000    
   3550.569       8.024000    
   3552.652       8.026000    
   3554.734       8.028000    
   3556.816       8.025000    
   3558.898       8.029000    
   3560.981       8.032000    
   3563.063       8.020000    
   3565.145       8.006000    
   3567.228       7.995000    
   3569.310       8.002000    
   3571.392       8.017000    
   3573.475       8.007000    
   3575.557       7.992000    
   3577.639       7.994000    
   3579.721       8.006000    
   3581.804       8.016000    
   3583.886       8.027000    
   3585.968       8.021000    
   3588.051       8.010000    
   3590.133       8.004000    
   3592.215       7.988000    
   3594.298       7.970000    
   3596.380       7.968000    
   3598.462       7.985000    
   3600.544       7.988000    
   3602.627       7.983000    
   3604.709       7.980000    
   3606.791       7.992000    
   3608.874       8.010000    
   3610.956       8.014000    
   3613.038       8.014000    
   3615.121       8.011000    
   3617.203       8.016000    
   3619.285       8.015000    
   3621.367       8.015000    
   3623.450       8.013000    
   3625.532       8.018000    
   3627.614       8.030000    
   3629.697       8.038000    
   3631.779       8.033000    
   3633.861       8.018000    
   3635.944       8.018000    
   3638.026       8.008000    
   3640.108       7.997000    
   3642.190       7.998000    
   3644.273       8.013000    
   3646.355       8.018000    
   3648.437       8.014000    
   3650.520       8.009000    
   3652.602       7.993000    
   3654.684       7.995000    
   3656.767       7.999000    
   3658.849       8.000000    
   3660.931       8.009000    
   3663.013       8.007000    
   3665.096       7.983000    
   3667.178       7.954000    
   3669.260       7.953000    
   3671.343       7.960000    
   3673.425       7.994000    
   3675.507       8.019000    
   3677.590       8.005000    
   3679.672       7.985000    
   3681.754       7.975000    
   3683.836       7.971000    
   3685.919       7.963000    
   3688.001       7.967000    
   3690.083       7.969000    
   3692.166       7.975000    
   3694.248       7.985000    
   3696.330       7.991000    
   3698.413       7.993000    
   3700.495       8.000000    
   3702.577       8.006000    
   3704.659       8.000000    
   3706.742       7.994000    
   3708.824       7.978000    
   3710.906       7.964000    
   3712.989       7.972000    
   3715.071       7.981000    
   3717.153       7.976000    
   3719.236       7.968000    
   3721.318       7.968000    
   3723.400       7.970000    
   3725.482       7.966000    
   3727.565       7.963000    
   3729.647       7.974000    
   3731.729       7.985000    
   3733.812       7.986000    
   3735.894       7.975000    
   3737.976       7.966000    
   3740.059       7.962000    
   3742.141       7.963000    
   3744.223       7.970000    
   3746.305       7.971000    
   3748.388       7.972000    
   3750.470       7.974000    
   3752.552       7.986000    
   3754.635       7.996000    
   3756.717       7.985000    
   3758.799       7.962000    
   3760.882       7.946000    
   3762.964       7.957000    
   3765.046       7.989000    
   3767.128       8.012000    
   3769.211       7.991000    
   3771.293       7.954000    
   3773.375       7.931000    
   3775.458       7.923000    
   3777.540       7.923000    
   3779.622       7.928000    
   3781.705       7.927000    
   3783.787       7.922000    
   3785.869       7.931000    
   3787.951       7.938000    
   3790.034       7.938000    
   3792.116       7.956000    
   3794.198       7.992000    
   3796.281       8.011000    
   3798.363       7.940000    
   3800.445       7.869000    
   3802.528       7.858000    
   3804.610       7.893000    
   3806.692       7.927000    
   3808.774       7.915000    
   3810.857       7.893000    
   3812.939       7.884000    
   3815.021       7.887000    
   3817.104       7.890000    
   3819.186       7.877000    
   3821.268       7.876000    
   3823.351       7.895000    
   3825.433       7.915000    
   3827.515       7.926000    
   3829.597       7.929000    
   3831.680       7.929000    
   3833.762       7.921000    
   3835.844       7.927000    
   3837.927       7.933000    
   3840.009       7.919000    
   3842.091       7.904000    
   3844.174       7.889000    
   3846.256       7.877000    
   3848.338       7.872000    
   3850.420       7.880000    
   3852.503       7.899000    
   3854.585       7.915000    
   3856.667       7.922000    
   3858.750       7.915000    
   3860.832       7.897000    
   3862.914       7.890000    
   3864.997       7.897000    
   3867.079       7.898000    
   3869.161       7.882000    
   3871.243       7.851000    
   3873.326       7.845000    
   3875.408       7.872000    
   3877.490       7.912000    
   3879.573       7.938000    
   3881.655       7.954000    
   3883.737       7.971000    
   3885.820       7.990000    
   3887.902       7.997000    
   3889.984       7.965000    
   3892.066       7.929000    
   3894.149       7.885000    
   3896.231       7.822000    
   3898.313       7.782000    
   3900.396       7.805000    
   3902.478       7.853000    
   3904.560       7.875000    
   3906.643       7.868000    
   3908.725       7.865000    
   3910.807       7.875000    
   3912.889       7.889000    
   3914.972       7.908000    
   3917.054       7.915000    
   3919.136       7.926000    
   3921.219       7.939000    
   3923.301       7.933000    
   3925.383       7.917000    
   3927.466       7.912000    
   3929.548       7.914000    
   3931.630       7.921000    
   3933.712       7.938000    
   3935.795       7.944000    
   3937.877       7.928000    
   3939.959       7.905000    
   3942.042       7.895000    
   3944.124       7.892000    
   3946.206       7.891000    
   3948.289       7.885000    
   3950.371       7.870000    
   3952.453       7.855000    
   3954.535       7.857000    
   3956.618       7.874000    
   3958.700       7.893000    
   3960.782       7.915000    
   3962.865       7.933000    
   3964.947       7.957000    
   3967.029       7.993000    
   3969.112       8.019000    
   3971.194       8.011000    
   3973.276       7.989000    
   3975.358       7.955000    
   3977.441       7.905000    
   3979.523       7.862000    
   3981.605       7.842000    
   3983.688       7.840000    
   3985.770       7.840000    
   3987.852       7.847000    
   3989.935       7.853000    
   3992.017       7.858000    
   3994.099       7.859000    
   3996.181       7.862000    
   3998.264       7.860000    
   4000.346       7.854000    
   4002.428       7.856000    
   4004.511       7.861000    
   4006.593       7.854000    
   4008.675       7.844000    
   4010.758       7.845000    
   4012.840       7.847000    
   4014.922       7.851000    
   4017.004       7.853000    
   4019.087       7.862000    
   4021.169       7.885000    
   4023.251       7.916000    
   4025.333       7.935000    
   4027.416       7.916000    
   4029.498       7.867000    
   4031.581       7.824000    
   4033.663       7.808000    
   4035.745       7.810000    
   4037.827       7.816000    
   4039.910       7.810000    
   4041.992       7.804000    
   4044.074       7.807000    
   4046.157       7.814000    
   4048.239       7.810000    
   4050.321       7.810000    
   4052.404       7.808000    
   4054.486       7.811000    
   4056.568       7.822000    
   4058.650       7.828000    
   4060.733       7.825000    
   4062.815       7.816000    
   4064.897       7.807000    
   4066.979       7.799000    
   4069.062       7.806000    
   4071.144       7.815000    
   4073.227       7.814000    
   4075.309       7.809000    
   4077.391       7.807000    
   4079.473       7.806000    
   4081.556       7.804000    
   4083.638       7.802000    
   4085.720       7.807000    
   4087.803       7.822000    
   4089.885       7.832000    
   4091.967       7.842000    
   4094.050       7.881000    
   4096.132       7.936000    
   4098.214       7.979000    
   4100.296       7.984000    
   4102.379       7.956000    
   4104.461       7.918000    
   4106.543       7.884000    
   4108.625       7.856000    
   4110.708       7.826000    
   4112.790       7.805000    
   4114.873       7.800000    
   4116.955       7.800000    
   4119.037       7.800000    
   4121.119       7.797000    
   4123.202       7.788000    
   4125.284       7.772000    
   4127.366       7.770000    
   4129.449       7.775000    
   4131.531       7.774000    
   4133.613       7.770000    
   4135.695       7.775000    
   4137.778       7.778000    
   4139.860       7.778000    
   4141.942       7.788000    
   4144.025       7.797000    
   4146.107       7.788000    
   4148.189       7.768000    
   4150.271       7.761000    
   4152.354       7.761000    
   4154.436       7.770000    
   4156.519       7.786000    
   4158.601       7.796000    
   4160.683       7.791000    
   4162.766       7.790000    
   4164.848       7.794000    
   4166.930       7.787000    
   4169.012       7.777000    
   4171.095       7.778000    
   4173.177       7.777000    
   4175.259       7.771000    
   4177.342       7.772000    
   4179.424       7.771000    
   4181.506       7.773000    
   4183.588       7.777000    
   4185.671       7.783000    
   4187.753       7.789000    
   4189.835       7.800000    
   4191.917       7.817000    
   4194.000       7.837000    
   4196.082       7.847000    
   4198.165       7.847000    
   4200.247       7.841000    
   4202.329       7.827000    
   4204.411       7.814000    
   4206.494       7.805000    
   4208.576       7.795000    
   4210.658       7.783000    
   4212.741       7.780000    
   4214.823       7.772000    
   4216.905       7.763000    
   4218.987       7.765000    
   4221.070       7.781000    
   4223.152       7.788000    
   4225.234       7.776000    
   4227.316       7.767000    
   4229.399       7.769000    
   4231.481       7.772000    
   4233.563       7.777000    
   4235.646       7.784000    
   4237.728       7.781000    
   4239.811       7.767000    
   4241.893       7.757000    
   4243.975       7.767000    
   4246.058       7.780000    
   4248.140       7.781000    
   4250.222       7.771000    
   4252.304       7.773000    
   4254.387       7.788000    
   4256.469       7.800000    
   4258.551       7.798000    
   4260.634       7.791000    
   4262.716       7.786000    
   4264.798       7.780000    
   4266.880       7.775000    
   4268.963       7.776000    
   4271.045       7.777000    
   4273.127       7.770000    
   4275.209       7.761000    
   4277.292       7.759000    
   4279.374       7.768000    
   4281.457       7.775000    
   4283.539       7.773000    
   4285.621       7.764000    
   4287.703       7.763000    
   4289.786       7.772000    
   4291.868       7.777000    
   4293.950       7.772000    
   4296.033       7.767000    
   4298.115       7.770000    
   4300.197       7.770000    
   4302.279       7.767000    
   4304.362       7.769000    
   4306.444       7.775000    
   4308.526       7.779000    
   4310.608       7.781000    
   4312.691       7.781000    
   4314.773       7.774000    
   4316.855       7.761000    
   4318.938       7.756000    
   4321.020       7.763000    
   4323.103       7.773000    
   4325.185       7.782000    
   4327.267       7.787000    
   4329.350       7.795000    
   4331.432       7.819000    
   4333.514       7.858000    
   4335.596       7.896000    
   4337.679       7.919000    
   4339.761       7.917000    
   4341.843       7.896000    
   4343.926       7.868000    
   4346.008       7.839000    
   4348.090       7.812000    
   4350.172       7.788000    
   4352.255       7.768000    
   4354.337       7.757000    
   4356.419       7.749000    
   4358.501       7.741000    
   4360.584       7.736000    
   4362.666       7.736000    
   4364.749       7.739000    
   4366.831       7.748000    
   4368.913       7.758000    
   4370.995       7.755000    
   4373.078       7.743000    
   4375.160       7.740000    
   4377.242       7.749000    
   4379.325       7.757000    
   4381.407       7.759000    
   4383.489       7.754000    
   4385.571       7.747000    
   4387.654       7.743000    
   4389.736       7.743000    
   4391.818       7.736000    
   4393.901       7.728000    
   4395.983       7.730000    
   4398.065       7.740000    
   4400.147       7.747000    
   4402.230       7.741000    
   4404.313       7.733000    
   4406.395       7.732000    
   4408.477       7.734000    
   4410.559       7.741000    
   4412.642       7.745000    
   4414.724       7.744000    
   4416.806       7.749000    
   4418.888       7.764000    
   4420.971       7.780000    
   4423.053       7.790000    
   4425.135       7.797000    
   4427.218       7.793000    
   4429.300       7.781000    
   4431.382       7.771000    
   4433.464       7.768000    
   4435.547       7.769000    
   4437.629       7.770000    
   4439.711       7.769000    
   4441.793       7.763000    
   4443.876       7.753000    
   4445.958       7.748000    
   4448.041       7.746000    
   4450.123       7.740000    
   4452.205       7.738000    
   4454.287       7.736000    
   4456.370       7.729000    
   4458.452       7.723000    
   4460.534       7.725000    
   4462.617       7.729000    
   4464.699       7.735000    
   4466.781       7.747000    
   4468.863       7.752000    
   4470.946       7.743000    
   4473.028       7.740000    
   4475.110       7.750000    
   4477.193       7.756000    
   4479.275       7.752000    
   4481.357       7.742000    
   4483.439       7.727000    
   4485.522       7.709000    
   4487.604       7.702000    
   4489.687       7.706000    
   4491.769       7.705000    
   4493.851       7.697000    
   4495.934       7.699000    
   4498.016       7.708000    
   4500.098       7.712000    
   4502.180       7.710000    
   4504.263       7.712000    
   4506.345       7.711000    
   4508.427       7.707000    
   4510.510       7.709000    
   4512.592       7.716000    
   4514.674       7.722000    
   4516.756       7.720000    
   4518.839       7.710000    
   4520.921       7.696000    
   4523.003       7.692000    
   4525.085       7.695000    
   4527.168       7.702000    
   4529.250       7.709000    
   4531.333       7.715000    
   4533.415       7.723000    
   4535.497       7.735000    
   4537.579       7.751000    
   4539.662       7.759000    
   4541.744       7.753000    
   4543.826       7.738000    
   4545.909       7.722000    
   4547.991       7.709000    
   4550.073       7.703000    
   4552.155       7.701000    
   4554.238       7.694000    
   4556.320       7.681000    
   4558.402       7.674000    
   4560.485       7.680000    
   4562.567       7.683000    
   4564.649       7.675000    
   4566.731       7.672000    
   4568.814       7.674000    
   4570.896       7.675000    
   4572.979       7.674000    
   4575.061       7.677000    
   4577.143       7.678000    
   4579.226       7.677000    
   4581.308       7.678000    
   4583.390       7.678000    
   4585.472       7.677000    
   4587.555       7.680000    
   4589.637       7.684000    
   4591.719       7.680000    
   4593.802       7.680000    
   4595.884       7.682000    
   4597.966       7.682000    
   4600.048       7.680000    
   4602.131       7.681000    
   4604.213       7.684000    
   4606.295       7.685000    
   4608.377       7.680000    
   4610.460       7.675000    
   4612.542       7.672000    
   4614.625       7.670000    
   4616.707       7.671000    
   4618.789       7.667000    
   4620.871       7.659000    
   4622.954       7.650000    
   4625.036       7.641000    
   4627.118       7.632000    
   4629.201       7.630000    
   4631.283       7.624000    
   4633.365       7.614000    
   4635.447       7.610000    
   4637.530       7.615000    
   4639.612       7.614000    
   4641.694       7.607000    
   4643.777       7.604000    
   4645.859       7.610000    
   4647.941       7.616000    
   4650.023       7.625000    
   4652.106       7.641000    
   4654.188       7.651000    
   4656.271       7.644000    
   4658.353       7.637000    
   4660.435       7.639000    
   4662.518       7.640000    
   4664.600       7.639000    
   4666.682       7.639000    
   4668.764       7.635000    
   4670.847       7.626000    
   4672.929       7.628000    
   4675.011       7.641000    
   4677.094       7.654000    
   4679.176       7.661000    
   4681.258       7.669000    
   4683.340       7.669000    
   4685.423       7.662000    
   4687.505       7.654000    
   4689.587       7.647000    
   4691.669       7.646000    
   4693.752       7.644000    
   4695.834       7.640000    
   4697.917       7.635000    
   4699.999       7.632000    
   4702.081       7.633000    
   4704.163       7.636000    
   4706.246       7.634000    
   4708.328       7.632000    
   4710.410       7.634000    
   4712.493       7.640000    
   4714.575       7.649000    
   4716.657       7.661000    
   4718.739       7.663000    
   4720.822       7.653000    
   4722.904       7.647000    
   4724.986       7.651000    
   4727.069       7.656000    
   4729.151       7.660000    
   4731.233       7.661000    
   4733.315       7.655000    
   4735.398       7.655000    
   4737.480       7.659000    
   4739.563       7.659000    
   4741.645       7.651000    
   4743.727       7.648000    
   4745.810       7.644000    
   4747.892       7.639000    
   4749.974       7.640000    
   4752.056       7.651000    
   4754.139       7.662000    
   4756.221       7.667000    
   4758.303       7.669000    
   4760.386       7.675000    
   4762.468       7.677000    
   4764.550       7.672000    
   4766.632       7.667000    
   4768.715       7.661000    
   4770.797       7.656000    
   4772.879       7.654000    
   4774.961       7.657000    
   4777.044       7.658000    
   4779.126       7.659000    
   4781.208       7.657000    
   4783.291       7.653000    
   4785.373       7.652000    
   4787.456       7.654000    
   4789.538       7.651000    
   4791.620       7.645000    
   4793.702       7.647000    
   4795.785       7.647000    
   4797.867       7.641000    
   4799.949       7.637000    
   4802.031       7.642000    
   4804.114       7.645000    
   4806.196       7.646000    
   4808.278       7.643000    
   4810.361       7.642000    
   4812.443       7.638000    
   4814.525       7.635000    
   4816.607       7.638000    
   4818.690       7.642000    
   4820.772       7.639000    
   4822.854       7.638000    
   4824.937       7.643000    
   4827.019       7.647000    
   4829.102       7.642000    
   4831.184       7.636000    
   4833.266       7.634000    
   4835.348       7.636000    
   4837.431       7.637000    
   4839.513       7.633000    
   4841.595       7.632000    
   4843.678       7.639000    
   4845.760       7.651000    
   4847.842       7.661000    
   4849.924       7.684000    
   4852.007       7.714000    
   4854.089       7.743000    
   4856.171       7.774000    
   4858.253       7.811000    
   4860.336       7.825000    
   4862.418       7.799000    
   4864.500       7.758000    
   4866.583       7.723000    
   4868.665       7.693000    
   4870.748       7.669000    
   4872.830       7.658000    
   4874.912       7.648000    
   4876.994       7.640000    
   4879.077       7.638000    
   4881.159       7.642000    
   4883.241       7.642000    
   4885.323       7.644000    
   4887.406       7.645000    
   4889.488       7.642000    
   4891.570       7.642000    
   4893.653       7.647000    
   4895.735       7.649000    
   4897.817       7.641000    
   4899.899       7.625000    
   4901.982       7.616000    
   4904.064       7.615000    
   4906.146       7.618000    
   4908.229       7.625000    
   4910.311       7.626000    
   4912.394       7.622000    
   4914.476       7.622000    
   4916.558       7.624000    
   4918.640       7.626000    
   4920.723       7.631000    
   4922.805       7.632000    
   4924.887       7.625000    
   4926.970       7.621000    
   4929.052       7.618000    
   4931.134       7.618000    
   4933.216       7.619000    
   4935.299       7.619000    
   4937.381       7.612000    
   4939.463       7.603000    
   4941.545       7.595000    
   4943.628       7.597000    
   4945.710       7.603000    
   4947.792       7.605000    
   4949.875       7.605000    
   4951.957       7.605000    
   4954.040       7.608000    
   4956.122       7.612000    
   4958.204       7.613000    
   4960.286       7.606000    
   4962.369       7.603000    
   4964.451       7.597000    
   4966.533       7.591000    
   4968.615       7.586000    
   4970.698       7.590000    
   4972.780       7.597000    
   4974.862       7.600000    
   4976.945       7.597000    
   4979.027       7.600000    
   4981.109       7.609000    
   4983.191       7.610000    
   4985.274       7.604000    
   4987.356       7.596000    
   4989.438       7.589000    
   4991.521       7.584000    
   4993.603       7.587000    
   4995.686       7.592000    
   4997.768       7.598000    
   4999.850       7.598000    
   5001.932       7.597000    
   5004.015       7.598000    
   5006.097       7.606000    
   5008.179       7.611000    
   5010.262       7.608000    
   5012.344       7.603000    
   5014.426       7.602000    
   5016.508       7.600000    
   5018.591       7.593000    
   5020.673       7.587000    
   5022.755       7.583000    
   5024.837       7.578000    
   5026.920       7.579000    
   5029.002       7.592000    
   5031.084       7.604000    
   5033.167       7.608000    
   5035.249       7.601000    
   5037.332       7.594000    
   5039.414       7.590000    
   5041.496       7.583000    
   5043.578       7.578000    
   5045.661       7.574000    
   5047.743       7.578000    
   5049.825       7.585000    
   5051.907       7.591000    
   5053.990       7.590000    
   5056.072       7.589000    
   5058.154       7.581000    
   5060.237       7.571000    
   5062.319       7.568000    
   5064.401       7.572000    
   5066.483       7.566000    
   5068.566       7.560000    
   5070.648       7.566000    
   5072.730       7.574000    
   5074.813       7.572000    
   5076.895       7.570000    
   5078.978       7.571000    
   5081.060       7.568000    
   5083.142       7.562000    
   5085.224       7.558000    
   5087.307       7.560000    
   5089.389       7.559000    
   5091.471       7.552000    
   5093.554       7.549000    
   5095.636       7.553000    
   5097.718       7.554000    
   5099.800       7.550000    
   5101.883       7.550000    
   5103.965       7.555000    
   5106.047       7.566000    
   5108.130       7.570000    
   5110.212       7.567000    
   5112.294       7.566000    
   5114.376       7.562000    
   5116.459       7.552000    
   5118.541       7.547000    
   5120.624       7.550000    
   5122.706       7.550000    
   5124.788       7.547000    
   5126.870       7.547000    
   5128.953       7.547000    
   5131.035       7.543000    
   5133.117       7.538000    
   5135.199       7.534000    
   5137.282       7.534000    
   5139.364       7.534000    
   5141.446       7.532000    
   5143.529       7.531000    
   5145.611       7.536000    
   5147.693       7.547000    
   5149.775       7.553000    
   5151.858       7.550000    
   5153.940       7.540000    
   5156.022       7.531000    
   5158.104       7.525000    
   5160.187       7.529000    
   5162.270       7.540000    
   5164.352       7.547000    
   5166.434       7.536000    
   5168.516       7.522000    
   5170.599       7.517000    
   5172.681       7.515000    
   5174.763       7.515000    
   5176.846       7.513000    
   5178.928       7.511000    
   5181.010       7.509000    
   5183.092       7.507000    
   5185.175       7.507000    
   5187.257       7.516000    
   5189.339       7.524000    
   5191.422       7.523000    
   5193.504       7.520000    
   5195.586       7.526000    
   5197.668       7.528000    
   5199.751       7.525000    
   5201.833       7.525000    
   5203.915       7.527000    
   5205.998       7.521000    
   5208.080       7.515000    
   5210.162       7.513000    
   5212.245       7.505000    
   5214.327       7.498000    
   5216.409       7.504000    
   5218.491       7.514000    
   5220.574       7.518000    
   5222.656       7.513000    
   5224.738       7.498000    
   5226.820       7.492000    
   5228.903       7.506000    
   5230.985       7.526000    
   5233.067       7.524000    
   5235.150       7.507000    
   5237.232       7.495000    
   5239.314       7.486000    
   5241.396       7.484000    
   5243.479       7.489000    
   5245.562       7.494000    
   5247.644       7.498000    
   5249.726       7.497000    
   5251.809       7.489000    
   5253.891       7.482000    
   5255.973       7.485000    
   5258.055       7.494000    
   5260.138       7.491000    
   5262.220       7.486000    
   5264.302       7.484000    
   5266.384       7.478000    
   5268.467       7.477000    
   5270.549       7.489000    
   5272.631       7.489000    
   5274.714       7.477000    
   5276.796       7.475000    
   5278.878       7.481000    
   5280.960       7.492000    
   5283.043       7.497000    
   5285.125       7.494000    
   5287.207       7.479000    
   5289.290       7.473000    
   5291.372       7.476000    
   5293.454       7.477000    
   5295.537       7.471000    
   5297.619       7.472000    
   5299.701       7.478000    
   5301.783       7.478000    
   5303.866       7.473000    
   5305.948       7.471000    
   5308.030       7.470000    
   5310.113       7.466000    
   5312.195       7.463000    
   5314.277       7.463000    
   5316.359       7.461000    
   5318.442       7.459000    
   5320.524       7.458000    
   5322.606       7.467000    
   5324.688       7.476000    
   5326.771       7.470000    
   5328.854       7.455000    
   5330.936       7.461000    
   5333.018       7.473000    
   5335.101       7.473000    
   5337.183       7.470000    
   5339.265       7.475000    
   5341.347       7.477000    
   5343.430       7.475000    
   5345.512       7.477000    
   5347.594       7.485000    
   5349.676       7.485000    
   5351.759       7.473000    
   5353.841       7.464000    
   5355.923       7.464000    
   5358.006       7.470000    
   5360.088       7.476000    
   5362.170       7.469000    
   5364.252       7.468000    
   5366.335       7.471000    
   5368.417       7.473000    
   5370.499       7.477000    
   5372.582       7.479000    
   5374.664       7.473000    
   5376.746       7.474000    
   5378.829       7.481000    
   5380.911       7.480000    
   5382.993       7.477000    
   5385.075       7.477000    
   5387.158       7.481000    
   5389.240       7.483000    
   5391.322       7.483000    
   5393.405       7.476000    
   5395.487       7.469000    
   5397.569       7.481000    
   5399.651       7.501000    
   5401.734       7.518000    
   5403.816       7.538000    
   5405.898       7.560000    
   5407.980       7.569000    
   5410.063       7.567000    
   5412.146       7.562000    
   5414.228       7.548000    
   5416.310       7.526000    
   5418.393       7.504000    
   5420.475       7.484000    
   5422.557       7.468000    
   5424.639       7.464000    
   5426.722       7.464000    
   5428.804       7.462000    
   5430.886       7.461000    
   5432.968       7.467000    
   5435.051       7.473000    
   5437.133       7.473000    
   5439.215       7.473000    
   5441.298       7.476000    
   5443.380       7.477000    
   5445.462       7.473000    
   5447.544       7.468000    
   5449.627       7.467000    
   5451.709       7.471000    
   5453.791       7.477000    
   5455.874       7.479000    
   5457.956       7.478000    
   5460.038       7.472000    
   5462.121       7.469000    
   5464.203       7.469000    
   5466.285       7.464000    
   5468.367       7.459000    
   5470.450       7.464000    
   5472.532       7.468000    
   5474.614       7.462000    
   5476.697       7.460000    
   5478.779       7.464000    
   5480.861       7.465000    
   5482.943       7.465000    
   5485.026       7.466000    
   5487.108       7.462000    
   5489.190       7.458000    
   5491.272       7.457000    
   5493.355       7.451000    
   5495.438       7.445000    
   5497.520       7.447000    
   5499.602       7.451000    
   5501.685       7.451000    
   5503.767       7.451000    
   5505.849       7.454000    
   5507.931       7.455000    
   5510.014       7.453000    
   5512.096       7.448000    
   5514.178       7.441000    
   5516.260       7.438000    
   5518.343       7.442000    
   5520.425       7.447000    
   5522.507       7.445000    
   5524.590       7.440000    
   5526.672       7.442000    
   5528.754       7.444000    
   5530.836       7.443000    
   5532.919       7.447000    
   5535.001       7.451000    
   5537.083       7.449000    
   5539.166       7.449000    
   5541.248       7.450000    
   5543.330       7.447000    
   5545.413       7.446000    
   5547.495       7.446000    
   5549.577       7.448000    
   5551.659       7.454000    
   5553.742       7.457000    
   5555.824       7.451000    
   5557.906       7.442000    
   5559.989       7.436000    
   5562.071       7.428000    
   5564.153       7.432000    
   5566.235       7.435000    
   5568.318       7.427000    
   5570.400       7.417000    
   5572.482       7.418000    
   5574.564       7.436000    
   5576.647       7.452000    
   5578.729       7.454000    
   5580.812       7.439000    
   5582.894       7.435000    
   5584.977       7.442000    
   5587.059       7.450000    
   5589.141       7.453000    
   5591.223       7.450000    
   5593.306       7.444000    
   5595.388       7.441000    
   5597.470       7.441000    
   5599.552       7.438000    
   5601.635       7.436000    
   5603.717       7.440000    
   5605.799       7.443000    
   5607.882       7.446000    
   5609.964       7.450000    
   5612.046       7.449000    
   5614.128       7.443000    
   5616.211       7.432000    
   5618.293       7.425000    
   5620.375       7.423000    
   5622.458       7.425000    
   5624.540       7.433000    
   5626.622       7.445000    
   5628.705       7.447000    
   5630.787       7.442000    
   5632.869       7.437000    
   5634.951       7.435000    
   5637.034       7.438000    
   5639.116       7.441000    
   5641.198       7.436000    
   5643.281       7.431000    
   5645.363       7.433000    
   5647.445       7.440000    
   5649.527       7.440000    
   5651.610       7.442000    
   5653.692       7.442000    
   5655.774       7.438000    
   5657.856       7.438000    
   5659.939       7.439000    
   5662.021       7.434000    
   5664.104       7.424000    
   5666.186       7.415000    
   5668.269       7.416000    
   5670.351       7.427000    
   5672.433       7.433000    
   5674.515       7.431000    
   5676.598       7.427000    
   5678.680       7.431000    
   5680.762       7.436000    
   5682.845       7.437000    
   5684.927       7.432000    
   5687.009       7.427000    
   5689.091       7.427000    
   5691.174       7.431000    
   5693.256       7.427000    
   5695.338       7.424000    
   5697.420       7.429000    
   5699.503       7.437000    
   5701.585       7.439000    
   5703.667       7.437000    
   5705.750       7.434000    
   5707.832       7.433000    
   5709.914       7.438000    
   5711.997       7.441000    
   5714.079       7.439000    
   5716.161       7.438000    
   5718.243       7.439000    
   5720.326       7.436000    
   5722.408       7.430000    
   5724.490       7.428000    
   5726.573       7.425000    
   5728.655       7.425000    
   5730.737       7.430000    
   5732.819       7.434000    
   5734.902       7.435000    
   5736.984       7.437000    
   5739.066       7.435000    
   5741.148       7.430000    
   5743.231       7.429000    
   5745.313       7.435000    
   5747.396       7.441000    
   5749.478       7.443000    
   5751.561       7.442000    
   5753.643       7.441000    
   5755.725       7.436000    
   5757.807       7.433000    
   5759.890       7.433000    
   5761.972       7.435000    
   5764.054       7.441000    
   5766.137       7.449000    
   5768.219       7.452000    
   5770.301       7.452000    
   5772.383       7.457000    
   5774.466       7.465000    
   5776.548       7.471000    
   5778.630       7.474000    
   5780.712       7.472000    
   5782.795       7.467000    
   5784.877       7.461000    
   5786.959       7.456000    
   5789.042       7.450000    
   5791.124       7.446000    
   5793.206       7.443000    
   5795.289       7.439000    
   5797.371       7.441000    
   5799.453       7.452000    
   5801.535       7.455000    
   5803.618       7.449000    
   5805.700       7.444000    
   5807.782       7.438000    
   5809.865       7.431000    
   5811.947       7.425000    
   5814.029       7.422000    
   5816.111       7.424000    
   5818.194       7.427000    
   5820.276       7.425000    
   5822.358       7.417000    
   5824.440       7.413000    
   5826.523       7.408000    
   5828.605       7.400000    
   5830.688       7.401000    
   5832.770       7.408000    
   5834.853       7.406000    
   5836.935       7.400000    
   5839.017       7.398000    
   5841.099       7.400000    
   5843.182       7.404000    
   5845.264       7.405000    
   5847.346       7.404000    
   5849.429       7.410000    
   5851.511       7.414000    
   5853.593       7.408000    
   5855.675       7.399000    
   5857.758       7.396000    
   5859.840       7.397000    
   5861.922       7.402000    
   5864.004       7.409000    
   5866.087       7.419000    
   5868.169       7.432000    
   5870.251       7.447000    
   5872.334       7.458000    
   5874.416       7.461000    
   5876.498       7.458000    
   5878.581       7.450000    
   5880.663       7.447000    
   5882.745       7.452000    
   5884.827       7.466000    
   5886.910       7.482000    
   5888.992       7.496000    
   5891.074       7.503000    
   5893.157       7.501000    
   5895.239       7.483000    
   5897.321       7.456000    
   5899.403       7.429000    
   5901.486       7.413000    
   5903.568       7.402000    
   5905.650       7.395000    
   5907.732       7.398000    
   5909.815       7.405000    
   5911.897       7.407000    
   5913.979       7.401000    
   5916.062       7.391000    
   5918.145       7.402000    
   5920.227       7.397000    
   5922.309       7.386000    
   5924.391       7.386000    
   5926.474       7.427000    
   5928.556       7.432000    
   5930.638       7.428000    
   5932.721       7.421000    
   5934.803       7.422000    
   5936.885       7.426000    
   5938.967       7.429000    
   5941.050       7.429000    
   5943.132       7.428000    
   5945.214       7.423000    
   5947.296       7.415000    
   5949.379       7.408000    
   5951.461       7.405000    
   5953.543       7.411000    
   5955.626       7.412000    
   5957.708       7.408000    
   5959.790       7.405000    
   5961.873       7.410000    
   5963.955       7.415000    
   5966.037       7.421000    
   5968.119       7.430000    
   5970.202       7.442000    
   5972.284       7.443000    
   5974.366       7.440000    
   5976.449       7.439000    
   5978.531       7.432000    
   5980.613       7.422000    
   5982.695       7.413000    
   5984.778       7.407000    
   5986.860       7.413000    
   5988.942       7.414000    
   5991.024       7.417000    
   5993.107       7.424000    
   5995.189       7.422000    
   5997.271       7.413000    
   5999.354       7.409000    
   6001.437       7.416000    
   6003.519       7.419000    
   6005.601       7.417000    
   6007.683       7.413000    
   6009.766       7.407000    
   6011.848       7.396000    
   6013.930       7.398000    
   6016.013       7.407000    
   6018.095       7.420000    
   6020.177       7.429000    
   6022.259       7.427000    
   6024.342       7.424000    
   6026.424       7.422000    
   6028.506       7.418000    
   6030.588       7.405000    
   6032.671       7.402000    
   6034.753       7.405000    
   6036.835       7.408000    
   6038.918       7.403000    
   6041.000       7.403000    
   6043.082       7.406000    
   6045.165       7.412000    
   6047.247       7.413000    
   6049.329       7.405000    
   6051.411       7.396000    
   6053.494       7.390000    
   6055.576       7.399000    
   6057.658       7.404000    
   6059.741       7.413000    
   6061.823       7.423000    
   6063.905       7.430000    
   6065.987       7.425000    
   6068.070       7.418000    
   6070.152       7.412000    
   6072.234       7.409000    
   6074.316       7.414000    
   6076.399       7.410000    
   6078.481       7.402000    
   6080.563       7.400000    
   6082.646       7.402000    
   6084.729       7.397000    
   6086.811       7.391000    
   6088.893       7.392000    
   6090.975       7.405000    
   6093.058       7.416000    
   6095.140       7.420000    
   6097.222       7.412000    
   6099.305       7.409000    
   6101.387       7.408000    
   6103.469       7.405000    
   6105.551       7.400000    
   6107.634       7.400000    
   6109.716       7.396000    
   6111.798       7.390000    
   6113.880       7.389000    
   6115.963       7.407000    
   6118.045       7.414000    
   6120.127       7.413000    
   6122.210       7.409000    
   6124.292       7.411000    
   6126.374       7.407000    
   6128.457       7.404000    
   6130.539       7.404000    
   6132.621       7.404000    
   6134.703       7.410000    
   6136.786       7.410000    
   6138.868       7.407000    
   6140.950       7.407000    
   6143.033       7.418000    
   6145.115       7.422000    
   6147.197       7.419000    
   6149.279       7.410000    
   6151.362       7.409000    
   6153.444       7.409000    
   6155.526       7.413000    
   6157.608       7.421000    
   6159.691       7.421000    
   6161.773       7.431000    
   6163.855       7.447000    
   6165.938       7.463000    
   6168.021       7.462000    
   6170.103       7.457000    
   6172.185       7.453000    
   6174.267       7.452000    
   6176.350       7.453000    
   6178.432       7.444000    
   6180.514       7.434000    
   6182.597       7.427000    
   6184.679       7.432000    
   6186.761       7.430000    
   6188.843       7.428000    
   6190.926       7.427000    
   6193.008       7.428000    
   6195.090       7.426000    
   6197.172       7.423000    
   6199.255       7.421000    
   6201.337       7.419000    
   6203.419       7.414000    
   6205.502       7.405000    
   6207.584       7.396000    
   6209.666       7.389000    
   6211.749       7.389000    
   6213.831       7.392000    
   6215.913       7.396000    
   6217.995       7.403000    
   6220.078       7.407000    
   6222.160       7.411000    
   6224.242       7.415000    
   6226.325       7.418000    
   6228.407       7.422000    
   6230.489       7.427000    
   6232.571       7.430000    
   6234.654       7.428000    
   6236.736       7.425000    
   6238.818       7.425000    
   6240.900       7.420000    
   6242.983       7.412000    
   6245.065       7.407000    
   6247.147       7.409000    
   6249.230       7.409000    
   6251.313       7.407000    
   6253.395       7.408000    
   6255.477       7.408000    
   6257.559       7.407000    
   6259.642       7.407000    
   6261.724       7.405000    
   6263.806       7.411000    
   6265.889       7.420000    
   6267.971       7.427000    
   6270.053       7.431000    
   6272.135       7.438000    
   6274.218       7.451000    
   6276.300       7.466000    
   6278.382       7.479000    
   6280.464       7.489000    
   6282.547       7.492000    
   6284.629       7.484000    
   6286.711       7.469000    
   6288.794       7.460000    
   6290.876       7.452000    
   6292.958       7.446000    
   6295.041       7.443000    
   6297.123       7.440000    
   6299.205       7.438000    
   6301.287       7.443000    
   6303.370       7.449000    
   6305.452       7.448000    
   6307.534       7.447000    
   6309.617       7.448000    
   6311.699       7.448000    
   6313.781       7.445000    
   6315.863       7.447000    
   6317.946       7.445000    
   6320.028       7.439000    
   6322.110       7.429000    
   6324.192       7.418000    
   6326.275       7.411000    
   6328.357       7.408000    
   6330.439       7.410000    
   6332.522       7.415000    
   6334.604       7.414000    
   6336.687       7.411000    
   6338.769       7.409000    
   6340.851       7.410000    
   6342.934       7.409000    
   6345.016       7.409000    
   6347.098       7.410000    
   6349.181       7.411000    
   6351.263       7.413000    
   6353.345       7.413000    
   6355.427       7.410000    
   6357.510       7.410000    
   6359.592       7.417000    
   6361.674       7.422000    
   6363.756       7.421000    
   6365.839       7.415000    
   6367.921       7.404000    
   6370.003       7.402000    
   6372.086       7.409000    
   6374.168       7.425000    
   6376.250       7.428000    
   6378.333       7.430000    
   6380.415       7.430000    
   6382.497       7.426000    
   6384.579       7.414000    
   6386.662       7.410000    
   6388.744       7.408000    
   6390.826       7.403000    
   6392.909       7.402000    
   6394.991       7.403000    
   6397.073       7.407000    
   6399.155       7.415000    
   6401.238       7.432000    
   6403.320       7.438000    
   6405.402       7.436000    
   6407.485       7.428000    
   6409.567       7.420000    
   6411.649       7.411000    
   6413.731       7.406000    
   6415.814       7.403000    
   6417.896       7.398000    
   6419.979       7.393000    
   6422.061       7.395000    
   6424.143       7.397000    
   6426.226       7.394000    
   6428.308       7.400000    
   6430.390       7.402000    
   6432.473       7.400000    
   6434.555       7.394000    
   6436.637       7.402000    
   6438.719       7.406000    
   6440.802       7.406000    
   6442.884       7.401000    
   6444.966       7.401000    
   6447.048       7.401000    
   6449.131       7.403000    
   6451.213       7.407000    
   6453.295       7.410000    
   6455.378       7.409000    
   6457.460       7.407000    
   6459.542       7.404000    
   6461.625       7.398000    
   6463.707       7.403000    
   6465.789       7.410000    
   6467.871       7.416000    
   6469.954       7.417000    
   6472.036       7.421000    
   6474.118       7.419000    
   6476.201       7.413000    
   6478.283       7.407000    
   6480.365       7.406000    
   6482.447       7.405000    
   6484.530       7.405000    
   6486.612       7.409000    
   6488.694       7.412000    
   6490.777       7.413000    
   6492.859       7.414000    
   6494.941       7.417000    
   6497.023       7.411000    
   6499.106       7.411000    
   6501.188       7.414000    
   6503.271       7.416000    
   6505.353       7.407000    
   6507.435       7.404000    
   6509.518       7.404000    
   6511.600       7.404000    
   6513.682       7.407000    
   6515.765       7.415000    
   6517.847       7.423000    
   6519.929       7.430000    
   6522.011       7.438000    
   6524.094       7.443000    
   6526.176       7.446000    
   6528.258       7.447000    
   6530.340       7.452000    
   6532.423       7.442000    
   6534.505       7.430000    
   6536.587       7.419000    
   6538.670       7.413000    
   6540.752       7.412000    
   6542.834       7.414000    
   6544.917       7.416000    
   6546.999       7.418000    
   6549.081       7.429000    
   6551.163       7.454000    
   6553.246       7.486000    
   6555.328       7.520000    
   6557.410       7.545000    
   6559.493       7.549000    
   6561.575       7.534000    
   6563.657       7.504000    
   6565.739       7.472000    
   6567.822       7.446000    
   6569.904       7.427000    
   6571.986       7.414000    
   6574.069       7.404000    
   6576.151       7.393000    
   6578.233       7.388000    
   6580.315       7.388000    
   6582.398       7.392000    
   6584.480       7.396000    
   6586.563       7.399000    
   6588.645       7.398000    
   6590.727       7.392000    
   6592.810       7.390000    
   6594.892       7.388000    
   6596.974       7.385000    
   6599.057       7.380000    
   6601.139       7.387000    
   6603.221       7.387000    
   6605.303       7.386000    
   6607.386       7.388000    
   6609.468       7.398000    
   6611.550       7.399000    
   6613.632       7.400000    
   6615.715       7.403000    
   6617.797       7.400000    
   6619.879       7.388000    
   6621.962       7.381000    
   6624.044       7.383000    
   6626.126       7.383000    
   6628.208       7.383000    
   6630.291       7.383000    
   6632.373       7.381000    
   6634.455       7.373000    
   6636.538       7.374000    
   6638.620       7.374000    
   6640.702       7.372000    
   6642.785       7.370000    
   6644.867       7.375000    
   6646.949       7.375000    
   6649.031       7.374000    
   6651.114       7.375000    
   6653.196       7.377000    
   6655.278       7.376000    
   6657.361       7.377000    
   6659.443       7.382000    
   6661.525       7.379000    
   6663.607       7.378000    
   6665.690       7.382000    
   6667.772       7.390000    
   6669.854       7.393000    
   6671.937       7.400000    
   6674.019       7.407000    
   6676.102       7.413000    
   6678.184       7.412000    
   6680.266       7.411000    
   6682.349       7.409000    
   6684.431       7.404000    
   6686.513       7.395000    
   6688.595       7.380000    
   6690.678       7.365000    
   6692.760       7.355000    
   6694.842       7.358000    
   6696.925       7.364000    
   6699.007       7.367000    
   6701.089       7.366000    
   6703.171       7.365000    
   6705.254       7.356000    
   6707.336       7.349000    
   6709.418       7.345000    
   6711.500       7.344000    
   6713.583       7.336000    
   6715.665       7.333000    
   6717.748       7.332000    
   6719.830       7.330000    
   6721.912       7.330000    
   6723.994       7.342000    
   6726.077       7.352000    
   6728.159       7.354000    
   6730.241       7.350000    
   6732.323       7.355000    
   6734.406       7.358000    
   6736.488       7.359000    
   6738.570       7.366000    
   6740.653       7.362000    
   6742.735       7.352000    
   6744.817       7.343000    
   6746.899       7.345000    
   6748.982       7.347000    
   6751.064       7.352000    
   6753.146       7.357000    
   6755.229       7.357000    
   6757.311       7.347000    
   6759.394       7.342000    
   6761.476       7.341000    
   6763.558       7.338000    
   6765.641       7.341000    
   6767.723       7.346000    
   6769.805       7.346000    
   6771.887       7.340000    
   6773.970       7.340000    
   6776.052       7.343000    
   6778.134       7.345000    
   6780.217       7.345000    
   6782.299       7.345000    
   6784.381       7.341000    
   6786.463       7.338000    
   6788.546       7.335000    
   6790.628       7.331000    
   6792.710       7.327000    
   6794.792       7.331000    
   6796.875       7.342000    
   6798.957       7.349000    
   6801.040       7.350000    
   6803.122       7.350000    
   6805.204       7.348000    
   6807.286       7.344000    
   6809.369       7.343000    
   6811.451       7.344000    
   6813.533       7.345000    
   6815.615       7.344000    
   6817.698       7.345000    
   6819.780       7.342000    
   6821.862       7.336000    
   6823.945       7.332000    
   6826.027       7.335000    
   6828.109       7.337000    
   6830.191       7.338000    
   6832.274       7.341000    
   6834.356       7.347000    
   6836.438       7.352000    
   6838.521       7.355000    
   6840.603       7.356000    
   6842.686       7.344000    
   6844.768       7.337000    
   6846.850       7.334000    
   6848.933       7.335000    
   6851.015       7.334000    
   6853.097       7.338000    
   6855.179       7.346000    
   6857.262       7.359000    
   6859.344       7.378000    
   6861.426       7.408000    
   6863.509       7.455000    
   6865.591       7.515000    
   6867.673       7.585000    
   6869.755       7.618000    
   6871.838       7.614000    
   6873.920       7.584000    
   6876.002       7.540000    
   6878.084       7.499000    
   6880.167       7.479000    
   6882.249       7.478000    
   6884.332       7.495000    
   6886.414       7.509000    
   6888.496       7.520000    
   6890.578       7.523000    
   6892.661       7.513000    
   6894.743       7.491000    
   6896.825       7.476000    
   6898.907       7.463000    
   6900.990       7.451000    
   6903.072       7.440000    
   6905.154       7.430000    
   6907.237       7.417000    
   6909.319       7.403000    
   6911.401       7.394000    
   6913.483       7.389000    
   6915.566       7.383000    
   6917.648       7.378000    
   6919.730       7.377000    
   6921.813       7.368000    
   6923.895       7.362000    
   6925.978       7.361000    
   6928.060       7.369000    
   6930.142       7.372000    
   6932.225       7.371000    
   6934.307       7.372000    
   6936.389       7.376000    
   6938.471       7.380000    
   6940.554       7.383000    
   6942.636       7.382000    
   6944.718       7.377000    
   6946.801       7.370000    
   6948.883       7.367000    
   6950.965       7.364000    
   6953.047       7.361000    
   6955.130       7.360000    
   6957.212       7.360000    
   6959.294       7.356000    
   6961.376       7.349000    
   6963.459       7.341000    
   6965.541       7.337000    
   6967.624       7.338000    
   6969.706       7.341000    
   6971.788       7.342000    
   6973.870       7.338000    
   6975.953       7.336000    
   6978.035       7.338000    
   6980.117       7.344000    
   6982.199       7.357000    
   6984.282       7.369000    
   6986.364       7.377000    
   6988.446       7.379000    
   6990.529       7.387000    
   6992.611       7.386000    
   6994.693       7.380000    
   6996.775       7.375000    
   6998.858       7.379000    
   7000.940       7.375000    
   7003.022       7.371000    
   7005.104       7.371000    
   7007.187       7.373000    
   7009.270       7.372000    
   7011.352       7.371000    
   7013.434       7.373000    
   7015.517       7.375000    
   7017.599       7.372000    
   7019.681       7.368000    
   7021.763       7.363000    
   7023.846       7.353000    
   7025.928       7.350000    
   7028.010       7.346000    
   7030.093       7.340000    
   7032.175       7.335000    
   7034.257       7.341000    
   7036.339       7.345000    
   7038.422       7.349000    
   7040.504       7.355000    
   7042.586       7.360000    
   7044.668       7.359000    
   7046.751       7.356000    
   7048.833       7.356000    
   7050.916       7.354000    
   7052.998       7.351000    
   7055.080       7.351000    
   7057.162       7.355000    
   7059.245       7.359000    
   7061.327       7.368000    
   7063.409       7.375000    
   7065.491       7.378000    
   7067.574       7.365000    
   7069.656       7.360000    
   7071.738       7.358000    
   7073.821       7.357000    
   7075.903       7.353000    
   7077.985       7.349000    
   7080.067       7.346000    
   7082.150       7.342000    
   7084.232       7.340000    
   7086.314       7.343000    
   7088.396       7.345000    
   7090.479       7.346000    
   7092.562       7.346000    
   7094.644       7.340000    
   7096.726       7.339000    
   7098.809       7.343000    
   7100.891       7.349000    
   7102.973       7.347000    
   7105.055       7.348000    
   7107.138       7.349000    
   7109.220       7.347000    
   7111.302       7.343000    
   7113.385       7.345000    
   7115.467       7.346000    
   7117.549       7.345000    
   7119.631       7.344000    
   7121.714       7.346000    
   7123.796       7.349000    
   7125.878       7.351000    
   7127.960       7.352000    
   7130.043       7.344000    
   7132.125       7.337000    
   7134.208       7.335000    
   7136.290       7.344000    
   7138.372       7.347000    
   7140.454       7.350000    
   7142.537       7.352000    
   7144.619       7.353000    
   7146.701       7.357000    
   7148.783       7.363000    
   7150.866       7.368000    
   7152.948       7.368000    
   7155.030       7.366000    
   7157.113       7.365000    
   7159.195       7.368000    
   7161.277       7.375000    
   7163.359       7.401000    
   7165.442       7.428000    
   7167.524       7.457000    
   7169.606       7.484000    
   7171.688       7.512000    
   7173.771       7.525000    
   7175.854       7.533000    
   7177.936       7.539000    
   7180.018       7.540000    
   7182.101       7.536000    
   7184.183       7.531000    
   7186.265       7.525000    
   7188.347       7.511000    
   7190.430       7.505000    
   7192.512       7.501000    
   7194.594       7.497000    
   7196.677       7.490000    
   7198.759       7.492000    
   7200.841       7.491000    
   7202.923       7.481000    
   7205.006       7.457000    
   7207.088       7.430000    
   7209.170       7.405000    
   7211.252       7.388000    
   7213.335       7.384000    
   7215.417       7.386000    
   7217.500       7.386000    
   7219.582       7.388000    
   7221.664       7.397000    
   7223.746       7.398000    
   7225.829       7.404000    
   7227.911       7.417000    
   7229.993       7.438000    
   7232.075       7.453000    
   7234.158       7.458000    
   7236.240       7.459000    
   7238.322       7.457000    
   7240.404       7.451000    
   7242.487       7.443000    
   7244.569       7.438000    
   7246.651       7.438000    
   7248.734       7.451000    
   7250.816       7.458000    
   7252.898       7.457000    
   7254.980       7.453000    
   7257.063       7.455000    
   7259.146       7.457000    
   7261.228       7.459000    
   7263.310       7.460000    
   7265.393       7.460000    
   7267.475       7.451000    
   7269.557       7.451000    
   7271.640       7.455000    
   7273.722       7.460000    
   7275.804       7.456000    
   7277.886       7.445000    
   7279.969       7.428000    
   7282.051       7.408000    
   7284.133       7.408000    
   7286.215       7.421000    
   7288.298       7.432000    
   7290.380       7.436000    
   7292.462       7.432000    
   7294.545       7.424000    
   7296.627       7.422000    
   7298.709       7.427000    
   7300.791       7.433000    
   7302.874       7.436000    
   7304.956       7.437000    
   7307.038       7.436000    
   7309.121       7.424000    
   7311.203       7.418000    
   7313.285       7.418000    
   7315.367       7.419000    
   7317.450       7.409000    
   7319.532       7.395000    
   7321.614       7.383000    
   7323.696       7.373000    
   7325.779       7.367000    
   7327.861       7.370000    
   7329.943       7.372000    
   7332.026       7.372000    
   7334.108       7.372000    
   7336.190       7.372000    
   7338.272       7.374000    
   7340.355       7.380000    
   7342.438       7.390000    
   7344.520       7.392000    
   7346.602       7.391000    
   7348.685       7.386000    
   7350.767       7.379000    
   7352.849       7.368000    
   7354.932       7.370000    
   7357.014       7.372000    
   7359.096       7.373000    
   7361.178       7.371000    
   7363.261       7.377000    
   7365.343       7.382000    
   7367.425       7.384000    
   7369.507       7.378000    
   7371.590       7.371000    
   7373.672       7.367000    
   7375.754       7.365000    
   7377.837       7.367000    
   7379.919       7.368000    
   7382.001       7.368000    
   7384.083       7.367000    
   7386.166       7.366000    
   7388.248       7.366000    
   7390.330       7.368000    
   7392.413       7.372000    
   7394.495       7.376000    
   7396.577       7.376000    
   7398.659       7.372000    
   7400.742       7.367000    
   7402.824       7.360000    
   7404.906       7.356000    
   7406.988       7.354000    
   7409.071       7.356000    
   7411.153       7.359000    
   7413.235       7.360000    
   7415.318       7.353000    
   7417.400       7.350000    
   7419.482       7.353000    
   7421.564       7.359000    
   7423.647       7.368000    
   7425.729       7.372000    
   7427.812       7.368000    
   7429.894       7.355000    
   7431.977       7.352000    
   7434.059       7.351000    
   7436.141       7.351000    
   7438.224       7.351000    
   7440.306       7.354000    
   7442.388       7.356000    
   7444.470       7.358000    
   7446.553       7.361000    
   7448.635       7.360000    
   7450.717       7.359000    
   7452.800       7.359000    
   7454.882       7.362000    
   7456.964       7.363000    
   7459.046       7.355000    
   7461.129       7.350000    
   7463.211       7.349000    
   7465.293       7.354000    
   7467.375       7.358000    
   7469.458       7.359000    
   7471.540       7.357000    
   7473.622       7.354000    
   7475.705       7.354000    
   7477.787       7.355000    
   7479.869       7.359000    
   7481.951       7.364000    
   7484.034       7.362000    
   7486.116       7.357000    
   7488.198       7.352000    
   7490.280       7.349000    
   7492.363       7.349000    
   7494.445       7.349000    
   7496.527       7.342000    
   7498.610       7.328000    
   7500.692       7.322000    
   7502.774       7.324000    
   7504.856       7.326000    
   7506.939       7.325000    
   7509.021       7.327000    
   7511.104       7.326000    
   7513.186       7.325000    
   7515.269       7.323000    
   7517.351       7.324000    
   7519.433       7.326000    
   7521.516       7.329000    
   7523.598       7.333000    
   7525.680       7.341000    
   7527.762       7.348000    
   7529.845       7.350000    
   7531.927       7.349000    
   7534.009       7.347000    
   7536.092       7.350000    
   7538.174       7.348000    
   7540.256       7.345000    
   7542.338       7.342000    
   7544.421       7.348000    
   7546.503       7.348000    
   7548.585       7.346000    
   7550.667       7.343000    
   7552.750       7.346000    
   7554.832       7.348000    
   7556.914       7.350000    
   7558.997       7.351000    
   7561.079       7.346000    
   7563.161       7.345000    
   7565.243       7.347000    
   7567.326       7.353000    
   7569.408       7.359000    
   7571.490       7.366000    
   7573.572       7.372000    
   7575.655       7.378000    
   7577.737       7.388000    
   7579.819       7.393000    
   7581.902       7.405000    
   7583.984       7.428000    
   7586.066       7.471000    
   7588.148       7.549000    
   7590.231       7.664000    
   7592.313       7.818000    
   7594.396       8.013000    
   7596.478       8.208000    
   7598.561       8.375000    
   7600.643       8.503000    
   7602.725       8.581000    
   7604.808       8.570000    
   7606.890       8.500000    
   7608.972       8.381000    
   7611.054       8.219000    
   7613.137       8.038000    
   7615.219       7.891000    
   7617.301       7.807000    
   7619.384       7.802000    
   7621.466       7.889000    
   7623.548       7.969000    
   7625.630       8.027000    
   7627.713       8.056000    
   7629.795       8.045000    
   7631.877       8.021000    
   7633.959       7.985000    
   7636.042       7.940000    
   7638.124       7.902000    
   7640.206       7.867000    
   7642.289       7.825000    
   7644.371       7.780000    
   7646.453       7.740000    
   7648.535       7.705000    
   7650.618       7.677000    
   7652.700       7.651000    
   7654.782       7.622000    
   7656.864       7.588000    
   7658.947       7.563000    
   7661.029       7.546000    
   7663.111       7.534000    
   7665.194       7.514000    
   7667.276       7.493000    
   7669.358       7.471000    
   7671.440       7.448000    
   7673.523       7.427000    
   7675.605       7.414000    
   7677.688       7.410000    
   7679.770       7.411000    
   7681.853       7.404000    
   7683.935       7.390000    
   7686.017       7.380000    
   7688.100       7.376000    
   7690.182       7.370000    
   7692.264       7.371000    
   7694.346       7.378000    
   7696.429       7.389000    
   7698.511       7.390000    
   7700.593       7.381000    
   7702.676       7.370000    
   7704.758       7.362000    
   7706.840       7.363000    
   7708.922       7.357000    
   7711.005       7.349000    
   7713.087       7.345000    
   7715.169       7.345000    
   7717.251       7.344000    
   7719.334       7.343000    
   7721.416       7.339000    
   7723.498       7.332000    
   7725.581       7.331000    
   7727.663       7.334000    
   7729.745       7.337000    
   7731.827       7.339000    
   7733.910       7.348000    
   7735.992       7.347000    
   7738.074       7.340000    
   7740.156       7.333000    
   7742.239       7.333000    
   7744.321       7.340000    
   7746.403       7.347000    
   7748.486       7.348000    
   7750.568       7.338000    
   7752.650       7.339000    
   7754.732       7.336000    
   7756.815       7.331000    
   7758.897       7.331000    
   7760.979       7.335000    
   7763.063       7.331000    
   7765.145       7.324000    
   7767.227       7.319000    
   7769.309       7.327000    
   7771.392       7.328000    
   7773.474       7.326000    
   7775.556       7.322000    
   7777.638       7.323000    
   7779.721       7.322000    
   7781.803       7.321000    
   7783.885       7.323000    
   7785.968       7.322000    
   7788.050       7.321000    
   7790.132       7.320000    
   7792.214       7.320000    
   7794.297       7.328000    
   7796.379       7.333000    
   7798.461       7.331000    
   7800.543       7.325000    
   7802.626       7.321000    
   7804.708       7.315000    
   7806.790       7.309000    
   7808.873       7.306000    
   7810.955       7.312000    
   7813.037       7.326000    
   7815.119       7.332000    
   7817.202       7.330000    
   7819.284       7.322000    
   7821.366       7.313000    
   7823.448       7.307000    
   7825.531       7.305000    
   7827.613       7.308000    
   7829.695       7.316000    
   7831.778       7.322000    
   7833.860       7.321000    
   7835.942       7.313000    
   7838.024       7.322000    
   7840.107       7.325000    
   7842.189       7.321000    
   7844.271       7.313000    
   7846.354       7.319000    
   7848.437       7.323000    
   7850.519       7.325000    
   7852.601       7.325000    
   7854.684       7.325000    
   7856.766       7.317000    
   7858.848       7.310000    
   7860.930       7.304000    
   7863.013       7.299000    
   7865.095       7.302000    
   7867.177       7.304000    
   7869.260       7.305000    
   7871.342       7.312000    
   7873.424       7.324000    
   7875.506       7.329000    
   7877.589       7.329000    
   7879.671       7.327000    
   7881.753       7.313000    
   7883.835       7.307000    
   7885.918       7.310000    
   7888.000       7.318000    
   7890.082       7.334000    
   7892.165       7.344000    
   7894.247       7.349000    
   7896.329       7.350000    
   7898.411       7.346000    
   7900.494       7.342000    
   7902.576       7.340000    
   7904.658       7.338000    
   7906.740       7.329000    
   7908.823       7.316000    
   7910.905       7.315000    
   7912.987       7.323000    
   7915.070       7.316000    
   7917.152       7.312000    
   7919.234       7.314000    
   7921.316       7.320000    
   7923.399       7.328000    
   7925.481       7.340000    
   7927.563       7.342000    
   7929.646       7.334000    
   7931.729       7.325000    
   7933.811       7.316000    
   7935.893       7.308000    
   7937.976       7.300000    
   7940.058       7.294000    
   7942.140       7.300000    
   7944.222       7.305000    
   7946.305       7.304000    
   7948.387       7.295000    
   7950.469       7.292000    
   7952.552       7.299000    
   7954.634       7.306000    
   7956.716       7.309000    
   7958.798       7.305000    
   7960.881       7.300000    
   7962.963       7.299000    
   7965.045       7.303000    
   7967.127       7.307000    
   7969.210       7.313000    
   7971.292       7.321000    
   7973.374       7.329000    
   7975.457       7.330000    
   7977.539       7.329000    
   7979.621       7.326000    
   7981.703       7.322000    
   7983.786       7.316000    
   7985.868       7.313000    
   7987.950       7.308000    
   7990.032       7.307000    
   7992.115       7.319000    
   7994.197       7.334000    
   7996.279       7.338000    
   7998.362       7.336000    
   8000.444       7.330000    
   8002.526       7.326000    
   8004.608       7.328000    
   8006.691       7.331000    
   8008.773       7.332000    
   8010.855       7.330000    
   8012.938       7.330000    
   8015.021       7.328000    
   8017.103       7.326000    
   8019.185       7.331000    
   8021.268       7.335000    
   8023.350       7.337000    
   8025.432       7.337000    
   8027.514       7.334000    
   8029.597       7.325000    
   8031.679       7.320000    
   8033.761       7.319000    
   8035.844       7.321000    
   8037.926       7.321000    
   8040.008       7.323000    
   8042.090       7.325000    
   8044.173       7.326000    
   8046.255       7.318000    
   8048.337       7.316000    
   8050.419       7.318000    
   8052.502       7.321000    
   8054.584       7.316000    
   8056.666       7.315000    
   8058.749       7.319000    
   8060.831       7.325000    
   8062.913       7.326000    
   8064.995       7.324000    
   8067.078       7.320000    
   8069.160       7.318000    
   8071.242       7.324000    
   8073.324       7.329000    
   8075.407       7.328000    
   8077.489       7.320000    
   8079.571       7.313000    
   8081.654       7.311000    
   8083.736       7.310000    
   8085.818       7.311000    
   8087.900       7.320000    
   8089.983       7.328000    
   8092.065       7.331000    
   8094.147       7.332000    
   8096.230       7.339000    
   8098.313       7.337000    
   8100.395       7.339000    
   8102.477       7.341000    
   8104.560       7.341000    
   8106.642       7.348000    
   8108.724       7.351000    
   8110.806       7.349000    
   8112.889       7.342000    
   8114.971       7.346000    
   8117.053       7.354000    
   8119.136       7.364000    
   8121.218       7.375000    
   8123.300       7.386000    
   8125.382       7.393000    
   8127.465       7.396000    
   8129.547       7.398000    
   8131.629       7.395000    
   8133.711       7.393000    
   8135.794       7.399000    
   8137.876       7.413000    
   8139.958       7.429000    
   8142.041       7.436000    
   8144.123       7.439000    
   8146.205       7.441000    
   8148.287       7.447000    
   8150.370       7.459000    
   8152.452       7.470000    
   8154.534       7.474000    
   8156.617       7.467000    
   8158.699       7.462000    
   8160.781       7.462000    
   8162.863       7.462000    
   8164.946       7.455000    
   8167.028       7.448000    
   8169.110       7.442000    
   8171.192       7.439000    
   8173.275       7.436000    
   8175.357       7.441000    
   8177.439       7.435000    
   8179.522       7.414000    
   8181.604       7.383000    
   8183.687       7.370000    
   8185.769       7.347000    
   8187.852       7.325000    
