        2432
   3127.862       9.262000    
   3129.945       9.238000    
   3132.027       9.241000    
   3134.109       9.244000    
   3136.192       9.243000    
   3138.274       9.234000    
   3140.356       9.223000    
   3142.438       9.213000    
   3144.521       9.206000    
   3146.603       9.170000    
   3148.685       9.139000    
   3150.768       9.137000    
   3152.850       9.143000    
   3154.932       9.138000    
   3157.015       9.132000    
   3159.097       9.127000    
   3161.179       9.113000    
   3163.261       9.083000    
   3165.344       9.046000    
   3167.426       9.019000    
   3169.508       9.012000    
   3171.591       9.027000    
   3173.673       9.035000    
   3175.755       9.025000    
   3177.838       9.005000    
   3179.920       8.981000    
   3182.002       8.952000    
   3184.084       8.931000    
   3186.167       8.924000    
   3188.249       8.924000    
   3190.331       8.943000    
   3192.414       8.974000    
   3194.496       9.000000    
   3196.578       9.013000    
   3198.661       9.021000    
   3200.743       9.009000    
   3202.825       8.977000    
   3204.907       8.949000    
   3206.990       8.939000    
   3209.072       8.931000    
   3211.154       8.916000    
   3213.237       8.900000    
   3215.319       8.892000    
   3217.401       8.889000    
   3219.484       8.893000    
   3221.566       8.903000    
   3223.648       8.904000    
   3225.730       8.894000    
   3227.813       8.885000    
   3229.895       8.881000    
   3231.977       8.874000    
   3234.060       8.872000    
   3236.142       8.868000    
   3238.224       8.859000    
   3240.307       8.854000    
   3242.389       8.859000    
   3244.471       8.864000    
   3246.553       8.852000    
   3248.636       8.823000    
   3250.718       8.806000    
   3252.800       8.818000    
   3254.883       8.841000    
   3256.965       8.852000    
   3259.047       8.868000    
   3261.130       8.883000    
   3263.212       8.877000    
   3265.294       8.843000    
   3267.376       8.803000    
   3269.459       8.783000    
   3271.541       8.790000    
   3273.623       8.814000    
   3275.706       8.839000    
   3277.788       8.842000    
   3279.870       8.811000    
   3281.953       8.777000    
   3284.035       8.777000    
   3286.117       8.793000    
   3288.199       8.797000    
   3290.282       8.795000    
   3292.364       8.808000    
   3294.446       8.810000    
   3296.529       8.794000    
   3298.611       8.771000    
   3300.693       8.755000    
   3302.776       8.741000    
   3304.858       8.730000    
   3306.940       8.722000    
   3309.022       8.725000    
   3311.105       8.750000    
   3313.187       8.739000    
   3315.269       8.726000    
   3317.352       8.735000    
   3319.434       8.740000    
   3321.516       8.729000    
   3323.599       8.716000    
   3325.681       8.710000    
   3327.763       8.709000    
   3329.845       8.708000    
   3331.928       8.707000    
   3334.010       8.711000    
   3336.092       8.718000    
   3338.175       8.723000    
   3340.257       8.733000    
   3342.339       8.740000    
   3344.422       8.733000    
   3346.504       8.714000    
   3348.586       8.707000    
   3350.668       8.697000    
   3352.751       8.682000    
   3354.833       8.686000    
   3356.915       8.685000    
   3358.998       8.676000    
   3361.080       8.676000    
   3363.162       8.696000    
   3365.245       8.703000    
   3367.327       8.693000    
   3369.409       8.683000    
   3371.491       8.689000    
   3373.574       8.698000    
   3375.656       8.689000    
   3377.738       8.667000    
   3379.821       8.649000    
   3381.903       8.658000    
   3383.985       8.669000    
   3386.068       8.672000    
   3388.150       8.669000    
   3390.232       8.645000    
   3392.314       8.642000    
   3394.397       8.662000    
   3396.479       8.684000    
   3398.561       8.681000    
   3400.644       8.676000    
   3402.726       8.679000    
   3404.808       8.679000    
   3406.891       8.663000    
   3408.973       8.649000    
   3411.055       8.639000    
   3413.137       8.627000    
   3415.220       8.611000    
   3417.302       8.587000    
   3419.384       8.571000    
   3421.467       8.576000    
   3423.549       8.597000    
   3425.631       8.620000    
   3427.714       8.634000    
   3429.796       8.643000    
   3431.878       8.652000    
   3433.960       8.657000    
   3436.043       8.657000    
   3438.125       8.667000    
   3440.207       8.689000    
   3442.290       8.693000    
   3444.372       8.687000    
   3446.454       8.678000    
   3448.537       8.684000    
   3450.619       8.695000    
   3452.701       8.650000    
   3454.783       8.604000    
   3456.866       8.593000    
   3458.948       8.615000    
   3461.030       8.633000    
   3463.113       8.649000    
   3465.195       8.656000    
   3467.277       8.644000    
   3469.360       8.628000    
   3471.442       8.628000    
   3473.524       8.641000    
   3475.606       8.649000    
   3477.689       8.652000    
   3479.771       8.649000    
   3481.853       8.650000    
   3483.936       8.644000    
   3486.018       8.619000    
   3488.100       8.636000    
   3490.183       8.650000    
   3492.265       8.626000    
   3494.347       8.583000    
   3496.429       8.575000    
   3498.512       8.599000    
   3500.594       8.620000    
   3502.676       8.616000    
   3504.759       8.587000    
   3506.841       8.580000    
   3508.923       8.596000    
   3511.006       8.603000    
   3513.088       8.580000    
   3515.170       8.573000    
   3517.252       8.573000    
   3519.335       8.558000    
   3521.417       8.545000    
   3523.499       8.519000    
   3525.582       8.511000    
   3527.664       8.521000    
   3529.746       8.530000    
   3531.829       8.540000    
   3533.911       8.552000    
   3535.993       8.556000    
   3538.075       8.537000    
   3540.158       8.517000    
   3542.240       8.511000    
   3544.322       8.527000    
   3546.405       8.550000    
   3548.487       8.546000    
   3550.569       8.550000    
   3552.652       8.555000    
   3554.734       8.548000    
   3556.816       8.536000    
   3558.898       8.541000    
   3560.981       8.540000    
   3563.063       8.525000    
   3565.145       8.522000    
   3567.228       8.512000    
   3569.310       8.509000    
   3571.392       8.513000    
   3573.475       8.511000    
   3575.557       8.503000    
   3577.639       8.514000    
   3579.721       8.540000    
   3581.804       8.562000    
   3583.886       8.578000    
   3585.968       8.563000    
   3588.051       8.543000    
   3590.133       8.538000    
   3592.215       8.527000    
   3594.298       8.507000    
   3596.380       8.502000    
   3598.462       8.519000    
   3600.544       8.520000    
   3602.627       8.509000    
   3604.709       8.492000    
   3606.791       8.491000    
   3608.874       8.515000    
   3610.956       8.524000    
   3613.038       8.513000    
   3615.121       8.504000    
   3617.203       8.514000    
   3619.285       8.504000    
   3621.367       8.494000    
   3623.450       8.490000    
   3625.532       8.488000    
   3627.614       8.504000    
   3629.697       8.526000    
   3631.779       8.526000    
   3633.861       8.508000    
   3635.944       8.524000    
   3638.026       8.516000    
   3640.108       8.492000    
   3642.190       8.478000    
   3644.273       8.486000    
   3646.355       8.486000    
   3648.437       8.493000    
   3650.520       8.495000    
   3652.602       8.469000    
   3654.684       8.470000    
   3656.767       8.473000    
   3658.849       8.481000    
   3660.931       8.506000    
   3663.013       8.517000    
   3665.096       8.485000    
   3667.178       8.446000    
   3669.260       8.440000    
   3671.343       8.428000    
   3673.425       8.465000    
   3675.507       8.503000    
   3677.590       8.498000    
   3679.672       8.479000    
   3681.754       8.469000    
   3683.836       8.454000    
   3685.919       8.441000    
   3688.001       8.465000    
   3690.083       8.471000    
   3692.166       8.465000    
   3694.248       8.466000    
   3696.330       8.479000    
   3698.413       8.486000    
   3700.495       8.498000    
   3702.577       8.506000    
   3704.659       8.497000    
   3706.742       8.484000    
   3708.824       8.460000    
   3710.906       8.441000    
   3712.989       8.443000    
   3715.071       8.459000    
   3717.153       8.453000    
   3719.236       8.444000    
   3721.318       8.450000    
   3723.400       8.453000    
   3725.482       8.439000    
   3727.565       8.434000    
   3729.647       8.449000    
   3731.729       8.459000    
   3733.812       8.459000    
   3735.894       8.449000    
   3737.976       8.443000    
   3740.059       8.437000    
   3742.141       8.434000    
   3744.223       8.435000    
   3746.305       8.439000    
   3748.388       8.447000    
   3750.470       8.453000    
   3752.552       8.475000    
   3754.635       8.496000    
   3756.717       8.491000    
   3758.799       8.460000    
   3760.882       8.431000    
   3762.964       8.440000    
   3765.046       8.483000    
   3767.128       8.516000    
   3769.211       8.483000    
   3771.293       8.427000    
   3773.375       8.391000    
   3775.458       8.372000    
   3777.540       8.355000    
   3779.622       8.353000    
   3781.705       8.364000    
   3783.787       8.373000    
   3785.869       8.391000    
   3787.951       8.393000    
   3790.034       8.389000    
   3792.116       8.401000    
   3794.198       8.442000    
   3796.281       8.463000    
   3798.363       8.446000    
   3800.445       8.404000    
   3802.528       8.361000    
   3804.610       8.339000    
   3806.692       8.335000    
   3808.774       8.331000    
   3810.857       8.307000    
   3812.939       8.303000    
   3815.021       8.307000    
   3817.104       8.308000    
   3819.186       8.320000    
   3821.268       8.361000    
   3823.351       8.391000    
   3825.433       8.400000    
   3827.515       8.409000    
   3829.597       8.412000    
   3831.680       8.439000    
   3833.762       8.456000    
   3835.844       8.425000    
   3837.927       8.364000    
   3840.009       8.329000    
   3842.091       8.316000    
   3844.174       8.302000    
   3846.256       8.285000    
   3848.338       8.278000    
   3850.420       8.295000    
   3852.503       8.318000    
   3854.585       8.321000    
   3856.667       8.310000    
   3858.750       8.301000    
   3860.832       8.305000    
   3862.914       8.315000    
   3864.997       8.314000    
   3867.079       8.313000    
   3869.161       8.292000    
   3871.243       8.249000    
   3873.326       8.236000    
   3875.408       8.260000    
   3877.490       8.301000    
   3879.573       8.332000    
   3881.655       8.367000    
   3883.737       8.400000    
   3885.820       8.441000    
   3887.902       8.459000    
   3889.984       8.401000    
   3892.066       8.351000    
   3894.149       8.323000    
   3896.231       8.298000    
   3898.313       8.264000    
   3900.396       8.266000    
   3902.478       8.280000    
   3904.560       8.279000    
   3906.643       8.263000    
   3908.725       8.250000    
   3910.807       8.238000    
   3912.889       8.247000    
   3914.972       8.278000    
   3917.054       8.277000    
   3919.136       8.276000    
   3921.219       8.289000    
   3923.301       8.304000    
   3925.383       8.299000    
   3927.466       8.294000    
   3929.548       8.281000    
   3931.630       8.270000    
   3933.712       8.281000    
   3935.795       8.280000    
   3937.877       8.254000    
   3939.959       8.229000    
   3942.042       8.233000    
   3944.124       8.229000    
   3946.206       8.232000    
   3948.289       8.242000    
   3950.371       8.245000    
   3952.453       8.243000    
   3954.535       8.270000    
   3956.618       8.301000    
   3958.700       8.331000    
   3960.782       8.378000    
   3962.865       8.394000    
   3964.947       8.389000    
   3967.029       8.395000    
   3969.112       8.405000    
   3971.194       8.401000    
   3973.276       8.399000    
   3975.358       8.372000    
   3977.441       8.307000    
   3979.523       8.242000    
   3981.605       8.218000    
   3983.688       8.223000    
   3985.770       8.228000    
   3987.852       8.231000    
   3989.935       8.232000    
   3992.017       8.237000    
   3994.099       8.240000    
   3996.181       8.249000    
   3998.264       8.246000    
   4000.346       8.239000    
   4002.428       8.242000    
   4004.511       8.244000    
   4006.593       8.221000    
   4008.675       8.201000    
   4010.758       8.205000    
   4012.840       8.211000    
   4014.922       8.215000    
   4017.004       8.209000    
   4019.087       8.216000    
   4021.169       8.248000    
   4023.251       8.292000    
   4025.333       8.308000    
   4027.416       8.277000    
   4029.498       8.211000    
   4031.581       8.156000    
   4033.663       8.144000    
   4035.745       8.162000    
   4037.827       8.181000    
   4039.910       8.184000    
   4041.992       8.181000    
   4044.074       8.183000    
   4046.157       8.190000    
   4048.239       8.179000    
   4050.321       8.170000    
   4052.404       8.163000    
   4054.486       8.173000    
   4056.568       8.202000    
   4058.650       8.221000    
   4060.733       8.213000    
   4062.815       8.199000    
   4064.897       8.190000    
   4066.979       8.181000    
   4069.062       8.192000    
   4071.144       8.205000    
   4073.227       8.204000    
   4075.309       8.193000    
   4077.391       8.186000    
   4079.473       8.187000    
   4081.556       8.194000    
   4083.638       8.195000    
   4085.720       8.201000    
   4087.803       8.215000    
   4089.885       8.226000    
   4091.967       8.241000    
   4094.050       8.284000    
   4096.132       8.341000    
   4098.214       8.376000    
   4100.296       8.367000    
   4102.379       8.330000    
   4104.461       8.300000    
   4106.543       8.280000    
   4108.625       8.262000    
   4110.708       8.231000    
   4112.790       8.209000    
   4114.873       8.202000    
   4116.955       8.197000    
   4119.037       8.198000    
   4121.119       8.193000    
   4123.202       8.168000    
   4125.284       8.136000    
   4127.366       8.136000    
   4129.449       8.144000    
   4131.531       8.143000    
   4133.613       8.137000    
   4135.695       8.142000    
   4137.778       8.141000    
   4139.860       8.145000    
   4141.942       8.160000    
   4144.025       8.169000    
   4146.107       8.154000    
   4148.189       8.130000    
   4150.271       8.119000    
   4152.354       8.120000    
   4154.436       8.138000    
   4156.519       8.160000    
   4158.601       8.169000    
   4160.683       8.161000    
   4162.766       8.158000    
   4164.848       8.153000    
   4166.930       8.145000    
   4169.012       8.140000    
   4171.095       8.144000    
   4173.177       8.143000    
   4175.259       8.141000    
   4177.342       8.147000    
   4179.424       8.147000    
   4181.506       8.150000    
   4183.588       8.155000    
   4185.671       8.154000    
   4187.753       8.147000    
   4189.835       8.152000    
   4191.917       8.162000    
   4194.000       8.176000    
   4196.082       8.186000    
   4198.165       8.185000    
   4200.247       8.172000    
   4202.329       8.155000    
   4204.411       8.145000    
   4206.494       8.145000    
   4208.576       8.135000    
   4210.658       8.125000    
   4212.741       8.127000    
   4214.823       8.124000    
   4216.905       8.116000    
   4218.987       8.120000    
   4221.070       8.139000    
   4223.152       8.150000    
   4225.234       8.136000    
   4227.316       8.119000    
   4229.399       8.115000    
   4231.481       8.117000    
   4233.563       8.129000    
   4235.646       8.134000    
   4237.728       8.120000    
   4239.811       8.096000    
   4241.893       8.087000    
   4243.975       8.101000    
   4246.058       8.117000    
   4248.140       8.117000    
   4250.222       8.100000    
   4252.304       8.108000    
   4254.387       8.134000    
   4256.469       8.152000    
   4258.551       8.148000    
   4260.634       8.142000    
   4262.716       8.138000    
   4264.798       8.131000    
   4266.880       8.127000    
   4268.963       8.127000    
   4271.045       8.123000    
   4273.127       8.113000    
   4275.209       8.106000    
   4277.292       8.108000    
   4279.374       8.118000    
   4281.457       8.120000    
   4283.539       8.115000    
   4285.621       8.101000    
   4287.703       8.096000    
   4289.786       8.100000    
   4291.868       8.103000    
   4293.950       8.101000    
   4296.033       8.105000    
   4298.115       8.109000    
   4300.197       8.105000    
   4302.279       8.100000    
   4304.362       8.103000    
   4306.444       8.115000    
   4308.526       8.125000    
   4310.608       8.129000    
   4312.691       8.123000    
   4314.773       8.112000    
   4316.855       8.098000    
   4318.938       8.094000    
   4321.020       8.106000    
   4323.103       8.125000    
   4325.185       8.138000    
   4327.267       8.148000    
   4329.350       8.163000    
   4331.432       8.195000    
   4333.514       8.233000    
   4335.596       8.266000    
   4337.679       8.278000    
   4339.761       8.262000    
   4341.843       8.234000    
   4343.926       8.206000    
   4346.008       8.180000    
   4348.090       8.152000    
   4350.172       8.126000    
   4352.255       8.104000    
   4354.337       8.091000    
   4356.419       8.078000    
   4358.501       8.072000    
   4360.584       8.069000    
   4362.666       8.067000    
   4364.749       8.069000    
   4366.831       8.087000    
   4368.913       8.096000    
   4370.995       8.087000    
   4373.078       8.080000    
   4375.160       8.079000    
   4377.242       8.084000    
   4379.325       8.091000    
   4381.407       8.093000    
   4383.489       8.083000    
   4385.571       8.076000    
   4387.654       8.075000    
   4389.736       8.075000    
   4391.818       8.066000    
   4393.901       8.060000    
   4395.983       8.060000    
   4398.065       8.066000    
   4400.147       8.073000    
   4402.230       8.071000    
   4404.313       8.062000    
   4406.395       8.057000    
   4408.477       8.063000    
   4410.559       8.076000    
   4412.642       8.084000    
   4414.724       8.085000    
   4416.806       8.096000    
   4418.888       8.116000    
   4420.971       8.139000    
   4423.053       8.157000    
   4425.135       8.165000    
   4427.218       8.152000    
   4429.300       8.129000    
   4431.382       8.110000    
   4433.464       8.103000    
   4435.547       8.105000    
   4437.629       8.108000    
   4439.711       8.102000    
   4441.793       8.087000    
   4443.876       8.073000    
   4445.958       8.069000    
   4448.041       8.065000    
   4450.123       8.058000    
   4452.205       8.057000    
   4454.287       8.051000    
   4456.370       8.037000    
   4458.452       8.032000    
   4460.534       8.043000    
   4462.617       8.047000    
   4464.699       8.052000    
   4466.781       8.065000    
   4468.863       8.066000    
   4470.946       8.045000    
   4473.028       8.039000    
   4475.110       8.051000    
   4477.193       8.057000    
   4479.275       8.054000    
   4481.357       8.044000    
   4483.439       8.024000    
   4485.522       8.001000    
   4487.604       7.997000    
   4489.687       8.003000    
   4491.769       8.001000    
   4493.851       7.989000    
   4495.934       7.991000    
   4498.016       7.999000    
   4500.098       8.000000    
   4502.180       7.994000    
   4504.263       7.994000    
   4506.345       7.988000    
   4508.427       7.983000    
   4510.510       7.984000    
   4512.592       7.990000    
   4514.674       7.995000    
   4516.756       7.997000    
   4518.839       7.993000    
   4520.921       7.983000    
   4523.003       7.978000    
   4525.085       7.978000    
   4527.168       7.983000    
   4529.250       7.988000    
   4531.333       7.992000    
   4533.415       7.990000    
   4535.497       7.999000    
   4537.579       8.011000    
   4539.662       8.010000    
   4541.744       7.996000    
   4543.826       7.986000    
   4545.909       7.984000    
   4547.991       7.980000    
   4550.073       7.978000    
   4552.155       7.975000    
   4554.238       7.966000    
   4556.320       7.949000    
   4558.402       7.943000    
   4560.485       7.955000    
   4562.567       7.961000    
   4564.649       7.953000    
   4566.731       7.953000    
   4568.814       7.957000    
   4570.896       7.956000    
   4572.979       7.953000    
   4575.061       7.957000    
   4577.143       7.958000    
   4579.226       7.956000    
   4581.308       7.954000    
   4583.390       7.950000    
   4585.472       7.947000    
   4587.555       7.948000    
   4589.637       7.948000    
   4591.719       7.943000    
   4593.802       7.950000    
   4595.884       7.954000    
   4597.966       7.950000    
   4600.048       7.944000    
   4602.131       7.941000    
   4604.213       7.943000    
   4606.295       7.947000    
   4608.377       7.942000    
   4610.460       7.933000    
   4612.542       7.929000    
   4614.625       7.931000    
   4616.707       7.936000    
   4618.789       7.935000    
   4620.871       7.926000    
   4622.954       7.914000    
   4625.036       7.904000    
   4627.118       7.899000    
   4629.201       7.908000    
   4631.283       7.908000    
   4633.365       7.900000    
   4635.447       7.900000    
   4637.530       7.912000    
   4639.612       7.916000    
   4641.694       7.910000    
   4643.777       7.908000    
   4645.859       7.916000    
   4647.941       7.916000    
   4650.023       7.915000    
   4652.106       7.929000    
   4654.188       7.940000    
   4656.271       7.931000    
   4658.353       7.916000    
   4660.435       7.908000    
   4662.518       7.907000    
   4664.600       7.911000    
   4666.682       7.914000    
   4668.764       7.908000    
   4670.847       7.894000    
   4672.929       7.894000    
   4675.011       7.909000    
   4677.094       7.924000    
   4679.176       7.931000    
   4681.258       7.941000    
   4683.340       7.939000    
   4685.423       7.929000    
   4687.505       7.920000    
   4689.587       7.913000    
   4691.669       7.907000    
   4693.752       7.898000    
   4695.834       7.890000    
   4697.917       7.884000    
   4699.999       7.884000    
   4702.081       7.890000    
   4704.163       7.897000    
   4706.246       7.894000    
   4708.328       7.879000    
   4710.410       7.872000    
   4712.493       7.882000    
   4714.575       7.905000    
   4716.657       7.926000    
   4718.739       7.924000    
   4720.822       7.906000    
   4722.904       7.895000    
   4724.986       7.895000    
   4727.069       7.900000    
   4729.151       7.903000    
   4731.233       7.899000    
   4733.315       7.887000    
   4735.398       7.892000    
   4737.480       7.901000    
   4739.563       7.896000    
   4741.645       7.879000    
   4743.727       7.874000    
   4745.810       7.875000    
   4747.892       7.874000    
   4749.974       7.879000    
   4752.056       7.896000    
   4754.139       7.912000    
   4756.221       7.914000    
   4758.303       7.908000    
   4760.386       7.908000    
   4762.468       7.907000    
   4764.550       7.900000    
   4766.632       7.898000    
   4768.715       7.896000    
   4770.797       7.893000    
   4772.879       7.889000    
   4774.961       7.889000    
   4777.044       7.891000    
   4779.126       7.899000    
   4781.208       7.902000    
   4783.291       7.896000    
   4785.373       7.893000    
   4787.456       7.900000    
   4789.538       7.899000    
   4791.620       7.894000    
   4793.702       7.897000    
   4795.785       7.891000    
   4797.867       7.875000    
   4799.949       7.864000    
   4802.031       7.869000    
   4804.114       7.870000    
   4806.196       7.874000    
   4808.278       7.878000    
   4810.361       7.880000    
   4812.443       7.872000    
   4814.525       7.871000    
   4816.607       7.876000    
   4818.690       7.879000    
   4820.772       7.870000    
   4822.854       7.864000    
   4824.937       7.871000    
   4827.019       7.875000    
   4829.102       7.867000    
   4831.184       7.861000    
   4833.266       7.862000    
   4835.348       7.868000    
   4837.431       7.875000    
   4839.513       7.873000    
   4841.595       7.868000    
   4843.678       7.867000    
   4845.760       7.874000    
   4847.842       7.894000    
   4849.924       7.936000    
   4852.007       7.975000    
   4854.089       8.000000    
   4856.171       8.028000    
   4858.253       8.060000    
   4860.336       8.061000    
   4862.418       8.026000    
   4864.500       7.986000    
   4866.583       7.957000    
   4868.665       7.932000    
   4870.748       7.910000    
   4872.830       7.897000    
   4874.912       7.879000    
   4876.994       7.872000    
   4879.077       7.874000    
   4881.159       7.875000    
   4883.241       7.869000    
   4885.323       7.868000    
   4887.406       7.866000    
   4889.488       7.860000    
   4891.570       7.857000    
   4893.653       7.866000    
   4895.735       7.875000    
   4897.817       7.869000    
   4899.899       7.853000    
   4901.982       7.839000    
   4904.064       7.834000    
   4906.146       7.835000    
   4908.229       7.847000    
   4910.311       7.848000    
   4912.394       7.846000    
   4914.476       7.845000    
   4916.558       7.844000    
   4918.640       7.842000    
   4920.723       7.852000    
   4922.805       7.855000    
   4924.887       7.840000    
   4926.970       7.832000    
   4929.052       7.824000    
   4931.134       7.817000    
   4933.216       7.815000    
   4935.299       7.822000    
   4937.381       7.817000    
   4939.463       7.807000    
   4941.545       7.800000    
   4943.628       7.803000    
   4945.710       7.811000    
   4947.792       7.819000    
   4949.875       7.821000    
   4951.957       7.816000    
   4954.040       7.817000    
   4956.122       7.822000    
   4958.204       7.824000    
   4960.286       7.812000    
   4962.369       7.809000    
   4964.451       7.796000    
   4966.533       7.782000    
   4968.615       7.777000    
   4970.698       7.788000    
   4972.780       7.793000    
   4974.862       7.790000    
   4976.945       7.785000    
   4979.027       7.790000    
   4981.109       7.802000    
   4983.191       7.806000    
   4985.274       7.797000    
   4987.356       7.786000    
   4989.438       7.781000    
   4991.521       7.776000    
   4993.603       7.779000    
   4995.686       7.785000    
   4997.768       7.793000    
   4999.850       7.784000    
   5001.932       7.775000    
   5004.015       7.777000    
   5006.097       7.793000    
   5008.179       7.805000    
   5010.262       7.804000    
   5012.344       7.795000    
   5014.426       7.790000    
   5016.508       7.789000    
   5018.591       7.782000    
   5020.673       7.775000    
   5022.755       7.767000    
   5024.837       7.764000    
   5026.920       7.759000    
   5029.002       7.763000    
   5031.084       7.773000    
   5033.167       7.781000    
   5035.249       7.778000    
   5037.332       7.769000    
   5039.414       7.763000    
   5041.496       7.753000    
   5043.578       7.745000    
   5045.661       7.745000    
   5047.743       7.750000    
   5049.825       7.747000    
   5051.907       7.759000    
   5053.990       7.775000    
   5056.072       7.781000    
   5058.154       7.767000    
   5060.237       7.751000    
   5062.319       7.744000    
   5064.401       7.742000    
   5066.483       7.730000    
   5068.566       7.724000    
   5070.648       7.741000    
   5072.730       7.761000    
   5074.813       7.756000    
   5076.895       7.741000    
   5078.978       7.736000    
   5081.060       7.737000    
   5083.142       7.737000    
   5085.224       7.733000    
   5087.307       7.733000    
   5089.389       7.727000    
   5091.471       7.714000    
   5093.554       7.713000    
   5095.636       7.724000    
   5097.718       7.722000    
   5099.800       7.711000    
   5101.883       7.713000    
   5103.965       7.715000    
   5106.047       7.715000    
   5108.130       7.712000    
   5110.212       7.712000    
   5112.294       7.717000    
   5114.376       7.716000    
   5116.459       7.704000    
   5118.541       7.697000    
   5120.624       7.701000    
   5122.706       7.701000    
   5124.788       7.698000    
   5126.870       7.699000    
   5128.953       7.704000    
   5131.035       7.704000    
   5133.117       7.702000    
   5135.199       7.704000    
   5137.282       7.702000    
   5139.364       7.693000    
   5141.446       7.686000    
   5143.529       7.683000    
   5145.611       7.685000    
   5147.693       7.697000    
   5149.775       7.706000    
   5151.858       7.703000    
   5153.940       7.692000    
   5156.022       7.683000    
   5158.104       7.676000    
   5160.187       7.679000    
   5162.270       7.688000    
   5164.352       7.697000    
   5166.434       7.685000    
   5168.516       7.671000    
   5170.599       7.673000    
   5172.681       7.675000    
   5174.763       7.662000    
   5176.846       7.647000    
   5178.928       7.635000    
   5181.010       7.626000    
   5183.092       7.630000    
   5185.175       7.640000    
   5187.257       7.652000    
   5189.339       7.660000    
   5191.422       7.650000    
   5193.504       7.635000    
   5195.586       7.632000    
   5197.668       7.629000    
   5199.751       7.624000    
   5201.833       7.632000    
   5203.915       7.643000    
   5205.998       7.643000    
   5208.080       7.639000    
   5210.162       7.643000    
   5212.245       7.639000    
   5214.327       7.628000    
   5216.409       7.626000    
   5218.491       7.636000    
   5220.574       7.648000    
   5222.656       7.650000    
   5224.738       7.634000    
   5226.820       7.614000    
   5228.903       7.622000    
   5230.985       7.647000    
   5233.067       7.653000    
   5235.150       7.640000    
   5237.232       7.634000    
   5239.314       7.625000    
   5241.396       7.614000    
   5243.479       7.612000    
   5245.562       7.615000    
   5247.644       7.610000    
   5249.726       7.598000    
   5251.809       7.599000    
   5253.891       7.603000    
   5255.973       7.606000    
   5258.055       7.607000    
   5260.138       7.598000    
   5262.220       7.589000    
   5264.302       7.586000    
   5266.384       7.579000    
   5268.467       7.582000    
   5270.549       7.605000    
   5272.631       7.614000    
   5274.714       7.599000    
   5276.796       7.586000    
   5278.878       7.587000    
   5280.960       7.593000    
   5283.043       7.597000    
   5285.125       7.597000    
   5287.207       7.587000    
   5289.290       7.580000    
   5291.372       7.584000    
   5293.454       7.590000    
   5295.537       7.580000    
   5297.619       7.573000    
   5299.701       7.577000    
   5301.783       7.580000    
   5303.866       7.579000    
   5305.948       7.581000    
   5308.030       7.579000    
   5310.113       7.568000    
   5312.195       7.563000    
   5314.277       7.565000    
   5316.359       7.560000    
   5318.442       7.552000    
   5320.524       7.550000    
   5322.606       7.561000    
   5324.688       7.582000    
   5326.771       7.589000    
   5328.854       7.571000    
   5330.936       7.565000    
   5333.018       7.564000    
   5335.101       7.552000    
   5337.183       7.545000    
   5339.265       7.554000    
   5341.347       7.554000    
   5343.430       7.550000    
   5345.512       7.556000    
   5347.594       7.568000    
   5349.676       7.569000    
   5351.759       7.553000    
   5353.841       7.543000    
   5355.923       7.543000    
   5358.006       7.551000    
   5360.088       7.559000    
   5362.170       7.567000    
   5364.252       7.561000    
   5366.335       7.563000    
   5368.417       7.569000    
   5370.499       7.572000    
   5372.582       7.576000    
   5374.664       7.576000    
   5376.746       7.572000    
   5378.829       7.570000    
   5380.911       7.573000    
   5382.993       7.573000    
   5385.075       7.566000    
   5387.158       7.559000    
   5389.240       7.557000    
   5391.322       7.561000    
   5393.405       7.562000    
   5395.487       7.559000    
   5397.569       7.570000    
   5399.651       7.587000    
   5401.734       7.598000    
   5403.816       7.612000    
   5405.898       7.623000    
   5407.980       7.621000    
   5410.063       7.618000    
   5412.146       7.613000    
   5414.228       7.601000    
   5416.310       7.589000    
   5418.393       7.581000    
   5420.475       7.563000    
   5422.557       7.552000    
   5424.639       7.552000    
   5426.722       7.556000    
   5428.804       7.553000    
   5430.886       7.545000    
   5432.968       7.544000    
   5435.051       7.546000    
   5437.133       7.546000    
   5439.215       7.546000    
   5441.298       7.548000    
   5443.380       7.550000    
   5445.462       7.545000    
   5447.544       7.536000    
   5449.627       7.533000    
   5451.709       7.536000    
   5453.791       7.535000    
   5455.874       7.524000    
   5457.956       7.518000    
   5460.038       7.520000    
   5462.121       7.530000    
   5464.203       7.539000    
   5466.285       7.539000    
   5468.367       7.532000    
   5470.450       7.534000    
   5472.532       7.540000    
   5474.614       7.534000    
   5476.697       7.527000    
   5478.779       7.529000    
   5480.861       7.531000    
   5482.943       7.530000    
   5485.026       7.525000    
   5487.108       7.515000    
   5489.190       7.514000    
   5491.272       7.519000    
   5493.355       7.513000    
   5495.438       7.502000    
   5497.520       7.497000    
   5499.602       7.497000    
   5501.685       7.498000    
   5503.767       7.506000    
   5505.849       7.520000    
   5507.931       7.518000    
   5510.014       7.510000    
   5512.096       7.509000    
   5514.178       7.507000    
   5516.260       7.504000    
   5518.343       7.502000    
   5520.425       7.501000    
   5522.507       7.497000    
   5524.590       7.495000    
   5526.672       7.501000    
   5528.754       7.511000    
   5530.836       7.512000    
   5532.919       7.496000    
   5535.001       7.483000    
   5537.083       7.482000    
   5539.166       7.485000    
   5541.248       7.486000    
   5543.330       7.488000    
   5545.413       7.488000    
   5547.495       7.485000    
   5549.577       7.480000    
   5551.659       7.483000    
   5553.742       7.490000    
   5555.824       7.490000    
   5557.906       7.482000    
   5559.989       7.472000    
   5562.071       7.464000    
   5564.153       7.463000    
   5566.235       7.465000    
   5568.318       7.462000    
   5570.400       7.449000    
   5572.482       7.452000    
   5574.564       7.484000    
   5576.647       7.504000    
   5578.729       7.501000    
   5580.812       7.488000    
   5582.894       7.487000    
   5584.977       7.490000    
   5587.059       7.499000    
   5589.141       7.501000    
   5591.223       7.494000    
   5593.306       7.494000    
   5595.388       7.503000    
   5597.470       7.500000    
   5599.552       7.484000    
   5601.635       7.484000    
   5603.717       7.485000    
   5605.799       7.491000    
   5607.882       7.491000    
   5609.964       7.489000    
   5612.046       7.482000    
   5614.128       7.475000    
   5616.211       7.468000    
   5618.293       7.460000    
   5620.375       7.461000    
   5622.458       7.452000    
   5624.540       7.451000    
   5626.622       7.463000    
   5628.705       7.470000    
   5630.787       7.474000    
   5632.869       7.475000    
   5634.951       7.474000    
   5637.034       7.470000    
   5639.116       7.467000    
   5641.198       7.463000    
   5643.281       7.456000    
   5645.363       7.449000    
   5647.445       7.451000    
   5649.527       7.453000    
   5651.610       7.453000    
   5653.692       7.450000    
   5655.774       7.451000    
   5657.856       7.463000    
   5659.939       7.471000    
   5662.021       7.464000    
   5664.104       7.460000    
   5666.186       7.454000    
   5668.269       7.453000    
   5670.351       7.456000    
   5672.433       7.457000    
   5674.515       7.445000    
   5676.598       7.440000    
   5678.680       7.452000    
   5680.762       7.459000    
   5682.845       7.465000    
   5684.927       7.460000    
   5687.009       7.445000    
   5689.091       7.438000    
   5691.174       7.449000    
   5693.256       7.453000    
   5695.338       7.453000    
   5697.420       7.459000    
   5699.503       7.464000    
   5701.585       7.463000    
   5703.667       7.459000    
   5705.750       7.450000    
   5707.832       7.451000    
   5709.914       7.459000    
   5711.997       7.462000    
   5714.079       7.459000    
   5716.161       7.462000    
   5718.243       7.462000    
   5720.326       7.450000    
   5722.408       7.443000    
   5724.490       7.442000    
   5726.573       7.441000    
   5728.655       7.442000    
   5730.737       7.450000    
   5732.819       7.455000    
   5734.902       7.457000    
   5736.984       7.456000    
   5739.066       7.451000    
   5741.148       7.451000    
   5743.231       7.448000    
   5745.313       7.449000    
   5747.396       7.451000    
   5749.478       7.448000    
   5751.561       7.446000    
   5753.643       7.449000    
   5755.725       7.450000    
   5757.807       7.440000    
   5759.890       7.434000    
   5761.972       7.445000    
   5764.054       7.461000    
   5766.137       7.472000    
   5768.219       7.478000    
   5770.301       7.485000    
   5772.383       7.502000    
   5774.466       7.526000    
   5776.548       7.533000    
   5778.630       7.532000    
   5780.712       7.526000    
   5782.795       7.505000    
   5784.877       7.477000    
   5786.959       7.469000    
   5789.042       7.471000    
   5791.124       7.476000    
   5793.206       7.476000    
   5795.289       7.474000    
   5797.371       7.475000    
   5799.453       7.479000    
   5801.535       7.479000    
   5803.618       7.469000    
   5805.700       7.457000    
   5807.782       7.455000    
   5809.865       7.455000    
   5811.947       7.453000    
   5814.029       7.446000    
   5816.111       7.442000    
   5818.194       7.443000    
   5820.276       7.436000    
   5822.358       7.419000    
   5824.440       7.418000    
   5826.523       7.428000    
   5828.605       7.425000    
   5830.688       7.419000    
   5832.770       7.424000    
   5834.853       7.426000    
   5836.935       7.424000    
   5839.017       7.420000    
   5841.099       7.422000    
   5843.182       7.427000    
   5845.264       7.430000    
   5847.346       7.424000    
   5849.429       7.420000    
   5851.511       7.423000    
   5853.593       7.421000    
   5855.675       7.407000    
   5857.758       7.399000    
   5859.840       7.397000    
   5861.922       7.398000    
   5864.004       7.407000    
   5866.087       7.426000    
   5868.169       7.446000    
   5870.251       7.465000    
   5872.334       7.483000    
   5874.416       7.485000    
   5876.498       7.474000    
   5878.581       7.468000    
   5880.663       7.468000    
   5882.745       7.475000    
   5884.827       7.490000    
   5886.910       7.509000    
   5888.992       7.517000    
   5891.074       7.525000    
   5893.157       7.520000    
   5895.239       7.496000    
   5897.321       7.470000    
   5899.403       7.444000    
   5901.486       7.417000    
   5903.568       7.393000    
   5905.650       7.383000    
   5907.732       7.378000    
   5909.815       7.387000    
   5911.897       7.401000    
   5913.979       7.392000    
   5916.062       7.380000    
   5918.145       7.396000    
   5920.227       7.398000    
   5922.309       7.387000    
   5924.391       7.378000    
   5926.474       7.384000    
   5928.556       7.388000    
   5930.638       7.439000    
   5932.721       7.424000    
   5934.803       7.416000    
   5936.885       7.422000    
   5938.967       7.442000    
   5941.050       7.433000    
   5943.132       7.422000    
   5945.214       7.406000    
   5947.296       7.379000    
   5949.379       7.378000    
   5951.461       7.391000    
   5953.543       7.403000    
   5955.626       7.398000    
   5957.708       7.397000    
   5959.790       7.401000    
   5961.873       7.402000    
   5963.955       7.394000    
   5966.037       7.376000    
   5968.119       7.375000    
   5970.202       7.386000    
   5972.284       7.403000    
   5974.366       7.414000    
   5976.449       7.427000    
   5978.531       7.429000    
   5980.613       7.420000    
   5982.695       7.412000    
   5984.778       7.414000    
   5986.860       7.411000    
   5988.942       7.405000    
   5991.024       7.407000    
   5993.107       7.414000    
   5995.189       7.405000    
   5997.271       7.387000    
   5999.354       7.376000    
   6001.437       7.397000    
   6003.519       7.425000    
   6005.601       7.437000    
   6007.683       7.414000    
   6009.766       7.396000    
   6011.848       7.374000    
   6013.930       7.353000    
   6016.013       7.338000    
   6018.095       7.361000    
   6020.177       7.388000    
   6022.259       7.406000    
   6024.342       7.409000    
   6026.424       7.392000    
   6028.506       7.371000    
   6030.588       7.361000    
   6032.671       7.368000    
   6034.753       7.389000    
   6036.835       7.404000    
   6038.918       7.402000    
   6041.000       7.390000    
   6043.082       7.380000    
   6045.165       7.387000    
   6047.247       7.388000    
   6049.329       7.383000    
   6051.411       7.379000    
   6053.494       7.362000    
   6055.576       7.360000    
   6057.658       7.379000    
   6059.741       7.424000    
   6061.823       7.431000    
   6063.905       7.424000    
   6065.987       7.407000    
   6068.070       7.385000    
   6070.152       7.366000    
   6072.234       7.365000    
   6074.316       7.370000    
   6076.399       7.370000    
   6078.481       7.365000    
   6080.563       7.356000    
   6082.646       7.345000    
   6084.729       7.338000    
   6086.811       7.356000    
   6088.893       7.372000    
   6090.975       7.380000    
   6093.058       7.377000    
   6095.140       7.368000    
   6097.222       7.371000    
   6099.305       7.374000    
   6101.387       7.376000    
   6103.469       7.372000    
   6105.551       7.383000    
   6107.634       7.379000    
   6109.716       7.361000    
   6111.798       7.329000    
   6113.880       7.349000    
   6115.963       7.364000    
   6118.045       7.369000    
   6120.127       7.363000    
   6122.210       7.363000    
   6124.292       7.359000    
   6126.374       7.352000    
   6128.457       7.344000    
   6130.539       7.328000    
   6132.621       7.345000    
   6134.703       7.375000    
   6136.786       7.398000    
   6138.868       7.371000    
   6140.950       7.354000    
   6143.033       7.347000    
   6145.115       7.348000    
   6147.197       7.353000    
   6149.279       7.351000    
   6151.362       7.347000    
   6153.444       7.350000    
   6155.526       7.383000    
   6157.608       7.376000    
   6159.691       7.374000    
   6161.773       7.380000    
   6163.855       7.389000    
   6165.938       7.381000    
   6168.021       7.380000    
   6170.103       7.382000    
   6172.185       7.378000    
   6174.267       7.396000    
   6176.350       7.413000    
   6178.432       7.415000    
   6180.514       7.394000    
   6182.597       7.390000    
   6184.679       7.385000    
   6186.761       7.379000    
   6188.843       7.376000    
   6190.926       7.389000    
   6193.008       7.400000    
   6195.090       7.413000    
   6197.172       7.427000    
   6199.255       7.421000    
   6201.337       7.411000    
   6203.419       7.402000    
   6205.502       7.392000    
   6207.584       7.370000    
   6209.666       7.362000    
   6211.749       7.351000    
   6213.831       7.341000    
   6215.913       7.353000    
   6217.995       7.386000    
   6220.078       7.395000    
   6222.160       7.388000    
   6224.242       7.381000    
   6226.325       7.371000    
   6228.407       7.371000    
   6230.489       7.380000    
   6232.571       7.393000    
   6234.654       7.379000    
   6236.736       7.380000    
   6238.818       7.378000    
   6240.900       7.362000    
   6242.983       7.342000    
   6245.065       7.347000    
   6247.147       7.349000    
   6249.230       7.339000    
   6251.313       7.350000    
   6253.395       7.362000    
   6255.477       7.368000    
   6257.559       7.370000    
   6259.642       7.382000    
   6261.724       7.380000    
   6263.806       7.388000    
   6265.889       7.404000    
   6267.971       7.418000    
   6270.053       7.407000    
   6272.135       7.412000    
   6274.218       7.428000    
   6276.300       7.445000    
   6278.382       7.471000    
   6280.464       7.494000    
   6282.547       7.501000    
   6284.629       7.478000    
   6286.711       7.472000    
   6288.794       7.455000    
   6290.876       7.430000    
   6292.958       7.400000    
   6295.041       7.394000    
   6297.123       7.381000    
   6299.205       7.374000    
   6301.287       7.380000    
   6303.370       7.393000    
   6305.452       7.387000    
   6307.534       7.382000    
   6309.617       7.386000    
   6311.699       7.398000    
   6313.781       7.400000    
   6315.863       7.395000    
   6317.946       7.385000    
   6320.028       7.379000    
   6322.110       7.386000    
   6324.192       7.386000    
   6326.275       7.378000    
   6328.357       7.372000    
   6330.439       7.383000    
   6332.522       7.387000    
   6334.604       7.385000    
   6336.687       7.376000    
   6338.769       7.367000    
   6340.851       7.358000    
   6342.934       7.352000    
   6345.016       7.349000    
   6347.098       7.355000    
   6349.181       7.370000    
   6351.263       7.380000    
   6353.345       7.379000    
   6355.427       7.360000    
   6357.510       7.363000    
   6359.592       7.368000    
   6361.674       7.369000    
   6363.756       7.361000    
   6365.839       7.353000    
   6367.921       7.340000    
   6370.003       7.326000    
   6372.086       7.343000    
   6374.168       7.358000    
   6376.250       7.356000    
   6378.333       7.346000    
   6380.415       7.352000    
   6382.497       7.350000    
   6384.579       7.351000    
   6386.662       7.357000    
   6388.744       7.370000    
   6390.826       7.360000    
   6392.909       7.354000    
   6394.991       7.347000    
   6397.073       7.332000    
   6399.155       7.324000    
   6401.238       7.337000    
   6403.320       7.353000    
   6405.402       7.358000    
   6407.485       7.353000    
   6409.567       7.350000    
   6411.649       7.346000    
   6413.731       7.340000    
   6415.814       7.340000    
   6417.896       7.331000    
   6419.979       7.326000    
   6422.061       7.329000    
   6424.143       7.333000    
   6426.226       7.321000    
   6428.308       7.317000    
   6430.390       7.320000    
   6432.473       7.305000    
   6434.555       7.298000    
   6436.637       7.304000    
   6438.719       7.316000    
   6440.802       7.318000    
   6442.884       7.334000    
   6444.966       7.338000    
   6447.048       7.333000    
   6449.131       7.326000    
   6451.213       7.345000    
   6453.295       7.346000    
   6455.378       7.341000    
   6457.460       7.344000    
   6459.542       7.341000    
   6461.625       7.325000    
   6463.707       7.322000    
   6465.789       7.349000    
   6467.871       7.355000    
   6469.954       7.352000    
   6472.036       7.352000    
   6474.118       7.359000    
   6476.201       7.362000    
   6478.283       7.378000    
   6480.365       7.394000    
   6482.447       7.402000    
   6484.530       7.393000    
   6486.612       7.383000    
   6488.694       7.365000    
   6490.777       7.346000    
   6492.859       7.350000    
   6494.941       7.354000    
   6497.023       7.341000    
   6499.106       7.330000    
   6501.188       7.355000    
   6503.271       7.359000    
   6505.353       7.345000    
   6507.435       7.325000    
   6509.518       7.315000    
   6511.600       7.308000    
   6513.682       7.322000    
   6515.765       7.336000    
   6517.847       7.336000    
   6519.929       7.327000    
   6522.011       7.334000    
   6524.094       7.339000    
   6526.176       7.336000    
   6528.258       7.344000    
   6530.340       7.356000    
   6532.423       7.357000    
   6534.505       7.349000    
   6536.587       7.358000    
   6538.670       7.361000    
   6540.752       7.355000    
   6542.834       7.343000    
   6544.917       7.341000    
   6546.999       7.353000    
   6549.081       7.380000    
   6551.163       7.416000    
   6553.246       7.449000    
   6555.328       7.485000    
   6557.410       7.529000    
   6559.493       7.557000    
   6561.575       7.536000    
   6563.657       7.484000    
   6565.739       7.438000    
   6567.822       7.396000    
   6569.904       7.357000    
   6571.986       7.341000    
   6574.069       7.328000    
   6576.151       7.317000    
   6578.233       7.308000    
   6580.315       7.317000    
   6582.398       7.316000    
   6584.480       7.309000    
   6586.563       7.300000    
   6588.645       7.300000    
   6590.727       7.298000    
   6592.810       7.301000    
   6594.892       7.307000    
   6596.974       7.301000    
   6599.057       7.294000    
   6601.139       7.296000    
   6603.221       7.302000    
   6605.303       7.298000    
   6607.386       7.312000    
   6609.468       7.323000    
   6611.550       7.325000    
   6613.632       7.309000    
   6615.715       7.314000    
   6617.797       7.310000    
   6619.879       7.295000    
   6621.962       7.272000    
   6624.044       7.261000    
   6626.126       7.256000    
   6628.208       7.263000    
   6630.291       7.285000    
   6632.373       7.290000    
   6634.455       7.277000    
   6636.538       7.267000    
   6638.620       7.265000    
   6640.702       7.249000    
   6642.785       7.239000    
   6644.867       7.242000    
   6646.949       7.255000    
   6649.031       7.249000    
   6651.114       7.249000    
   6653.196       7.253000    
   6655.278       7.258000    
   6657.361       7.266000    
   6659.443       7.277000    
   6661.525       7.276000    
   6663.607       7.268000    
   6665.690       7.268000    
   6667.772       7.277000    
   6669.854       7.279000    
   6671.937       7.283000    
   6674.019       7.303000    
   6676.102       7.304000    
   6678.184       7.295000    
   6680.266       7.289000    
   6682.349       7.292000    
   6684.431       7.282000    
   6686.513       7.271000    
   6688.595       7.258000    
   6690.678       7.243000    
   6692.760       7.226000    
   6694.842       7.226000    
   6696.925       7.229000    
   6699.007       7.232000    
   6701.089       7.229000    
   6703.171       7.234000    
   6705.254       7.236000    
   6707.336       7.235000    
   6709.418       7.238000    
   6711.500       7.238000    
   6713.583       7.231000    
   6715.665       7.225000    
   6717.748       7.241000    
   6719.830       7.231000    
   6721.912       7.232000    
   6723.994       7.246000    
   6726.077       7.274000    
   6728.159       7.259000    
   6730.241       7.258000    
   6732.323       7.262000    
   6734.406       7.256000    
   6736.488       7.243000    
   6738.570       7.254000    
   6740.653       7.258000    
   6742.735       7.236000    
   6744.817       7.221000    
   6746.899       7.224000    
   6748.982       7.227000    
   6751.064       7.221000    
   6753.146       7.228000    
   6755.229       7.224000    
   6757.311       7.212000    
   6759.394       7.202000    
   6761.476       7.222000    
   6763.558       7.242000    
   6765.641       7.259000    
   6767.723       7.271000    
   6769.805       7.273000    
   6771.887       7.249000    
   6773.970       7.237000    
   6776.052       7.237000    
   6778.134       7.234000    
   6780.217       7.240000    
   6782.299       7.246000    
   6784.381       7.240000    
   6786.463       7.206000    
   6788.546       7.196000    
   6790.628       7.186000    
   6792.710       7.176000    
   6794.792       7.171000    
   6796.875       7.196000    
   6798.957       7.212000    
   6801.040       7.219000    
   6803.122       7.219000    
   6805.204       7.220000    
   6807.286       7.213000    
   6809.369       7.210000    
   6811.451       7.214000    
   6813.533       7.221000    
   6815.615       7.213000    
   6817.698       7.206000    
   6819.780       7.201000    
   6821.862       7.191000    
   6823.945       7.184000    
   6826.027       7.184000    
   6828.109       7.190000    
   6830.191       7.195000    
   6832.274       7.216000    
   6834.356       7.228000    
   6836.438       7.230000    
   6838.521       7.223000    
   6840.603       7.229000    
   6842.686       7.223000    
   6844.768       7.216000    
   6846.850       7.222000    
   6848.933       7.237000    
   6851.015       7.238000    
   6853.097       7.233000    
   6855.179       7.230000    
   6857.262       7.233000    
   6859.344       7.243000    
   6861.426       7.273000    
   6863.509       7.334000    
   6865.591       7.440000    
   6867.673       7.534000    
   6869.755       7.577000    
   6871.838       7.558000    
   6873.920       7.493000    
   6876.002       7.432000    
   6878.084       7.376000    
   6880.167       7.334000    
   6882.249       7.330000    
   6884.332       7.352000    
   6886.414       7.368000    
   6888.496       7.379000    
   6890.578       7.390000    
   6892.661       7.379000    
   6894.743       7.362000    
   6896.825       7.349000    
   6898.907       7.350000    
   6900.990       7.336000    
   6903.072       7.327000    
   6905.154       7.326000    
   6907.237       7.330000    
   6909.319       7.292000    
   6911.401       7.260000    
   6913.483       7.243000    
   6915.566       7.247000    
   6917.648       7.254000    
   6919.730       7.258000    
   6921.813       7.254000    
   6923.895       7.244000    
   6925.978       7.246000    
   6928.060       7.257000    
   6930.142       7.259000    
   6932.225       7.253000    
   6934.307       7.268000    
   6936.389       7.290000    
   6938.471       7.299000    
   6940.554       7.297000    
   6942.636       7.301000    
   6944.718       7.296000    
   6946.801       7.294000    
   6948.883       7.291000    
   6950.965       7.283000    
   6953.047       7.256000    
   6955.130       7.246000    
   6957.212       7.250000    
   6959.294       7.259000    
   6961.376       7.248000    
   6963.459       7.231000    
   6965.541       7.218000    
   6967.624       7.213000    
   6969.706       7.223000    
   6971.788       7.223000    
   6973.870       7.213000    
   6975.953       7.200000    
   6978.035       7.225000    
   6980.117       7.249000    
   6982.199       7.268000    
   6984.282       7.281000    
   6986.364       7.285000    
   6988.446       7.276000    
   6990.529       7.271000    
   6992.611       7.266000    
   6994.693       7.246000    
   6996.775       7.226000    
   6998.858       7.236000    
   7000.940       7.257000    
   7003.022       7.253000    
   7005.104       7.233000    
   7007.187       7.215000    
   7009.270       7.202000    
   7011.352       7.195000    
   7013.434       7.227000    
   7015.517       7.245000    
   7017.599       7.249000    
   7019.681       7.240000    
   7021.763       7.249000    
   7023.846       7.239000    
   7025.928       7.228000    
   7028.010       7.227000    
   7030.093       7.229000    
   7032.175       7.217000    
   7034.257       7.213000    
   7036.339       7.224000    
   7038.422       7.226000    
   7040.504       7.216000    
   7042.586       7.205000    
   7044.668       7.192000    
   7046.751       7.172000    
   7048.833       7.185000    
   7050.916       7.195000    
   7052.998       7.195000    
   7055.080       7.177000    
   7057.162       7.198000    
   7059.245       7.213000    
   7061.327       7.223000    
   7063.409       7.237000    
   7065.491       7.248000    
   7067.574       7.237000    
   7069.656       7.227000    
   7071.738       7.240000    
   7073.821       7.256000    
   7075.903       7.255000    
   7077.985       7.245000    
   7080.067       7.232000    
   7082.150       7.230000    
   7084.232       7.218000    
   7086.314       7.204000    
   7088.396       7.191000    
   7090.479       7.193000    
   7092.562       7.194000    
   7094.644       7.181000    
   7096.726       7.157000    
   7098.809       7.153000    
   7100.891       7.178000    
   7102.973       7.194000    
   7105.055       7.197000    
   7107.138       7.204000    
   7109.220       7.200000    
   7111.302       7.195000    
   7113.385       7.197000    
   7115.467       7.220000    
   7117.549       7.216000    
   7119.631       7.209000    
   7121.714       7.206000    
   7123.796       7.217000    
   7125.878       7.219000    
   7127.960       7.226000    
   7130.043       7.228000    
   7132.125       7.217000    
   7134.208       7.201000    
   7136.290       7.197000    
   7138.372       7.189000    
   7140.454       7.172000    
   7142.537       7.166000    
   7144.619       7.175000    
   7146.701       7.189000    
   7148.783       7.204000    
   7150.866       7.216000    
   7152.948       7.214000    
   7155.030       7.210000    
   7157.113       7.207000    
   7159.195       7.212000    
   7161.277       7.227000    
   7163.359       7.260000    
   7165.442       7.303000    
   7167.524       7.334000    
   7169.606       7.353000    
   7171.688       7.389000    
   7173.771       7.432000    
   7175.854       7.462000    
   7177.936       7.471000    
   7180.018       7.482000    
   7182.101       7.488000    
   7184.183       7.486000    
   7186.265       7.478000    
   7188.347       7.457000    
   7190.430       7.437000    
   7192.512       7.425000    
   7194.594       7.440000    
   7196.677       7.445000    
   7198.759       7.442000    
   7200.841       7.431000    
   7202.923       7.406000    
   7205.006       7.367000    
   7207.088       7.326000    
   7209.170       7.287000    
   7211.252       7.247000    
   7213.335       7.244000    
   7215.417       7.253000    
   7217.500       7.257000    
   7219.582       7.228000    
   7221.664       7.231000    
   7223.746       7.246000    
   7225.829       7.264000    
   7227.911       7.278000    
   7229.993       7.324000    
   7232.075       7.357000    
   7234.158       7.370000    
   7236.240       7.359000    
   7238.322       7.354000    
   7240.404       7.359000    
   7242.487       7.370000    
   7244.569       7.382000    
   7246.651       7.375000    
   7248.734       7.377000    
   7250.816       7.391000    
   7252.898       7.412000    
   7254.980       7.404000    
   7257.063       7.387000    
   7259.146       7.372000    
   7261.228       7.362000    
   7263.310       7.366000    
   7265.393       7.385000    
   7267.475       7.387000    
   7269.557       7.373000    
   7271.640       7.365000    
   7273.722       7.377000    
   7275.804       7.377000    
   7277.886       7.361000    
   7279.969       7.326000    
   7282.051       7.288000    
   7284.133       7.279000    
   7286.215       7.303000    
   7288.298       7.365000    
   7290.380       7.383000    
   7292.462       7.379000    
   7294.545       7.366000    
   7296.627       7.354000    
   7298.709       7.351000    
   7300.791       7.343000    
   7302.874       7.329000    
   7304.956       7.310000    
   7307.038       7.322000    
   7309.121       7.339000    
   7311.203       7.332000    
   7313.285       7.299000    
   7315.367       7.298000    
   7317.450       7.285000    
   7319.532       7.266000    
   7321.614       7.248000    
   7323.696       7.247000    
   7325.779       7.249000    
   7327.861       7.252000    
   7329.943       7.252000    
   7332.026       7.246000    
   7334.108       7.243000    
   7336.190       7.243000    
   7338.272       7.239000    
   7340.355       7.226000    
   7342.438       7.225000    
   7344.520       7.236000    
   7346.602       7.251000    
   7348.685       7.260000    
   7350.767       7.246000    
   7352.849       7.230000    
   7354.932       7.216000    
   7357.014       7.212000    
   7359.096       7.231000    
   7361.178       7.238000    
   7363.261       7.242000    
   7365.343       7.249000    
   7367.425       7.250000    
   7369.507       7.257000    
   7371.590       7.264000    
   7373.672       7.264000    
   7375.754       7.232000    
   7377.837       7.209000    
   7379.919       7.202000    
   7382.001       7.208000    
   7384.083       7.210000    
   7386.166       7.212000    
   7388.248       7.214000    
   7390.330       7.216000    
   7392.413       7.217000    
   7394.495       7.219000    
   7396.577       7.220000    
   7398.659       7.225000    
   7400.742       7.241000    
   7402.824       7.217000    
   7404.906       7.191000    
   7406.988       7.177000    
   7409.071       7.188000    
   7411.153       7.203000    
   7413.235       7.214000    
   7415.318       7.218000    
   7417.400       7.212000    
   7419.482       7.215000    
   7421.564       7.223000    
   7423.647       7.223000    
   7425.729       7.211000    
   7427.812       7.201000    
   7429.894       7.190000    
   7431.977       7.180000    
   7434.059       7.171000    
   7436.141       7.165000    
   7438.224       7.151000    
   7440.306       7.152000    
   7442.388       7.169000    
   7444.470       7.200000    
   7446.553       7.198000    
   7448.635       7.188000    
   7450.717       7.184000    
   7452.800       7.204000    
   7454.882       7.223000    
   7456.964       7.224000    
   7459.046       7.212000    
   7461.129       7.194000    
   7463.211       7.187000    
   7465.293       7.194000    
   7467.375       7.206000    
   7469.458       7.212000    
   7471.540       7.197000    
   7473.622       7.178000    
   7475.705       7.169000    
   7477.787       7.174000    
   7479.869       7.175000    
   7481.951       7.170000    
   7484.034       7.172000    
   7486.116       7.179000    
   7488.198       7.160000    
   7490.280       7.159000    
   7492.363       7.172000    
   7494.445       7.189000    
   7496.527       7.183000    
   7498.610       7.165000    
   7500.692       7.144000    
   7502.774       7.126000    
   7504.856       7.120000    
   7506.939       7.131000    
   7509.021       7.141000    
   7511.104       7.153000    
   7513.186       7.173000    
   7515.269       7.174000    
   7517.351       7.154000    
   7519.433       7.139000    
   7521.516       7.153000    
   7523.598       7.169000    
   7525.680       7.176000    
   7527.762       7.176000    
   7529.845       7.172000    
   7531.927       7.171000    
   7534.009       7.178000    
   7536.092       7.177000    
   7538.174       7.167000    
   7540.256       7.171000    
   7542.338       7.176000    
   7544.421       7.173000    
   7546.503       7.165000    
   7548.585       7.168000    
   7550.667       7.148000    
   7552.750       7.146000    
   7554.832       7.161000    
   7556.914       7.180000    
   7558.997       7.155000    
   7561.079       7.133000    
   7563.161       7.123000    
   7565.243       7.134000    
   7567.326       7.142000    
   7569.408       7.159000    
   7571.490       7.172000    
   7573.572       7.170000    
   7575.655       7.183000    
   7577.737       7.185000    
   7579.819       7.192000    
   7581.902       7.213000    
   7583.984       7.245000    
   7586.066       7.277000    
   7588.148       7.333000    
   7590.231       7.428000    
   7592.313       7.586000    
   7594.396       7.852000    
   7596.478       8.131000    
   7598.561       8.366000    
   7600.643       8.455000    
   7602.725       8.596000    
   7604.808       8.674000    
   7606.890       8.653000    
   7608.972       8.502000    
   7611.054       8.268000    
   7613.137       8.016000    
   7615.219       7.784000    
   7617.301       7.624000    
   7619.384       7.655000    
   7621.466       7.750000    
   7623.548       7.852000    
   7625.630       7.899000    
   7627.713       7.890000    
   7629.795       7.922000    
   7631.877       7.957000    
   7633.959       7.960000    
   7636.042       7.904000    
   7638.124       7.858000    
   7640.206       7.809000    
   7642.289       7.755000    
   7644.371       7.726000    
   7646.453       7.662000    
   7648.535       7.590000    
   7650.618       7.526000    
   7652.700       7.486000    
   7654.782       7.465000    
   7656.864       7.467000    
   7658.947       7.480000    
   7661.029       7.453000    
   7663.111       7.437000    
   7665.194       7.399000    
   7667.276       7.344000    
   7669.358       7.288000    
   7671.440       7.280000    
   7673.523       7.274000    
   7675.605       7.262000    
   7677.688       7.236000    
   7679.770       7.228000    
   7681.853       7.224000    
   7683.935       7.216000    
   7686.017       7.195000    
   7688.100       7.145000    
   7690.182       7.139000    
   7692.264       7.165000    
   7694.346       7.209000    
   7696.429       7.214000    
   7698.511       7.205000    
   7700.593       7.189000    
   7702.676       7.173000    
   7704.758       7.168000    
   7706.840       7.162000    
   7708.922       7.155000    
   7711.005       7.150000    
   7713.087       7.150000    
   7715.169       7.129000    
   7717.251       7.123000    
   7719.334       7.133000    
   7721.416       7.140000    
   7723.498       7.133000    
   7725.581       7.136000    
   7727.663       7.142000    
   7729.745       7.133000    
   7731.827       7.132000    
   7733.910       7.136000    
   7735.992       7.139000    
   7738.074       7.136000    
   7740.156       7.149000    
   7742.239       7.166000    
   7744.321       7.186000    
   7746.403       7.206000    
   7748.486       7.209000    
   7750.568       7.198000    
   7752.650       7.185000    
   7754.732       7.175000    
   7756.815       7.151000    
   7758.897       7.138000    
   7760.979       7.135000    
   7763.063       7.139000    
   7765.145       7.141000    
   7767.227       7.141000    
   7769.309       7.121000    
   7771.392       7.086000    
   7773.474       7.070000    
   7775.556       7.085000    
   7777.638       7.120000    
   7779.721       7.163000    
   7781.803       7.184000    
   7783.885       7.159000    
   7785.968       7.145000    
   7788.050       7.136000    
   7790.132       7.113000    
   7792.214       7.100000    
   7794.297       7.110000    
   7796.379       7.128000    
   7798.461       7.132000    
   7800.543       7.120000    
   7802.626       7.114000    
   7804.708       7.103000    
   7806.790       7.078000    
   7808.873       7.052000    
   7810.955       7.064000    
   7813.037       7.090000    
   7815.119       7.112000    
   7817.202       7.110000    
   7819.284       7.104000    
   7821.366       7.093000    
   7823.448       7.080000    
   7825.531       7.077000    
   7827.613       7.114000    
   7829.695       7.120000    
   7831.778       7.090000    
   7833.860       7.060000    
   7835.942       7.091000    
   7838.024       7.124000    
   7840.107       7.148000    
   7842.189       7.153000    
   7844.271       7.155000    
   7846.354       7.156000    
   7848.437       7.142000    
   7850.519       7.096000    
   7852.601       7.052000    
   7854.684       7.052000    
   7856.766       7.075000    
   7858.848       7.105000    
   7860.930       7.109000    
   7863.013       7.124000    
   7865.095       7.138000    
   7867.177       7.144000    
   7869.260       7.143000    
   7871.342       7.141000    
   7873.424       7.149000    
   7875.506       7.164000    
   7877.589       7.144000    
   7879.671       7.112000    
   7881.753       7.093000    
   7883.835       7.092000    
   7885.918       7.099000    
   7888.000       7.125000    
   7890.082       7.146000    
   7892.165       7.152000    
   7894.247       7.132000    
   7896.329       7.119000    
   7898.411       7.119000    
   7900.494       7.128000    
   7902.576       7.137000    
   7904.658       7.128000    
   7906.740       7.129000    
   7908.823       7.129000    
   7910.905       7.113000    
   7912.987       7.113000    
   7915.070       7.122000    
   7917.152       7.120000    
   7919.234       7.098000    
   7921.316       7.130000    
   7923.399       7.144000    
   7925.481       7.143000    
   7927.563       7.132000    
   7929.646       7.130000    
   7931.729       7.125000    
   7933.811       7.117000    
   7935.893       7.107000    
   7937.976       7.092000    
   7940.058       7.107000    
   7942.140       7.134000    
   7944.222       7.150000    
   7946.305       7.108000    
   7948.387       7.069000    
   7950.469       7.073000    
   7952.552       7.108000    
   7954.634       7.142000    
   7956.716       7.150000    
   7958.798       7.142000    
   7960.881       7.132000    
   7962.963       7.131000    
   7965.045       7.118000    
   7967.127       7.107000    
   7969.210       7.105000    
   7971.292       7.114000    
   7973.374       7.110000    
   7975.457       7.099000    
   7977.539       7.087000    
   7979.621       7.079000    
   7981.703       7.073000    
   7983.786       7.066000    
   7985.868       7.060000    
   7987.950       7.058000    
   7990.032       7.078000    
   7992.115       7.101000    
   7994.197       7.118000    
   7996.279       7.124000    
   7998.362       7.112000    
   8000.444       7.088000    
   8002.526       7.082000    
   8004.608       7.095000    
   8006.691       7.115000    
   8008.773       7.113000    
   8010.855       7.112000    
   8012.938       7.114000    
   8015.021       7.115000    
   8017.103       7.094000    
   8019.185       7.075000    
   8021.268       7.067000    
   8023.350       7.077000    
   8025.432       7.081000    
   8027.514       7.065000    
   8029.597       7.051000    
   8031.679       7.055000    
   8033.761       7.058000    
   8035.844       7.053000    
   8037.926       7.055000    
   8040.008       7.066000    
   8042.090       7.072000    
   8044.173       7.082000    
   8046.255       7.073000    
   8048.337       7.040000    
   8050.419       6.994000    
   8052.502       7.010000    
   8054.584       7.051000    
   8056.666       7.099000    
   8058.749       7.124000    
   8060.831       7.126000    
   8062.913       7.118000    
   8064.995       7.105000    
   8067.078       7.094000    
   8069.160       7.098000    
   8071.242       7.105000    
   8073.324       7.107000    
   8075.407       7.099000    
   8077.489       7.082000    
   8079.571       7.074000    
   8081.654       7.078000    
   8083.736       7.097000    
   8085.818       7.113000    
   8087.900       7.132000    
   8089.983       7.143000    
   8092.065       7.141000    
   8094.147       7.118000    
   8096.230       7.089000    
   8098.313       7.062000    
   8100.395       7.049000    
   8102.477       7.080000    
   8104.560       7.115000    
   8106.642       7.131000    
   8108.724       7.125000    
   8110.806       7.094000    
   8112.889       7.055000    
   8114.971       7.039000    
   8117.053       7.045000    
   8119.136       7.062000    
   8121.218       7.093000    
   8123.300       7.117000    
   8125.382       7.126000    
   8127.465       7.115000    
   8129.547       7.133000    
   8131.629       7.156000    
   8133.711       7.177000    
   8135.794       7.190000    
   8137.876       7.233000    
   8139.958       7.259000    
   8142.041       7.272000    
   8144.123       7.275000    
   8146.205       7.261000    
   8148.287       7.240000    
   8150.370       7.240000    
   8152.452       7.269000    
   8154.534       7.305000    
   8156.617       7.312000    
   8158.699       7.308000    
   8160.781       7.302000    
   8162.863       7.307000    
   8164.946       7.397000    
   8167.028       7.447000    
   8169.110       7.429000    
   8171.192       7.331000    
   8173.275       7.278000    
   8175.357       7.237000    
   8177.439       7.199000    
   8179.522       7.155000    
   8181.604       7.156000    
   8183.687       7.132000    
   8185.769       7.094000    
   8187.852       7.048000    
   8189.934       1.688000    
