          81
   3340.000       11.65000    
   3380.000       11.66000    
   3420.000       11.67000    
   3460.000       11.68000    
   3500.000       11.70000    
   3540.000       11.71000    
   3580.000       11.72000    
   3620.000       11.76000    
   3660.000       11.77000    
   3700.000       11.80000    
   3740.000       11.83000    
   3780.000       11.90000    
   3820.000       11.94000    
   3860.000       11.90000    
   3900.000       11.92000    
   3940.000       11.82000    
   3980.000       11.96000    
   4020.000       11.76000    
   4060.000       11.73000    
   4100.000       12.04000    
   4140.000       11.76000    
   4180.000       11.64000    
   4220.000       11.62000    
   4260.000       11.67000    
   4300.000       11.81000    
   4340.000       12.16000    
   4380.000       11.84000    
   4420.000       11.72000    
   4460.000       11.70000    
   4500.000       11.69000    
   4540.000       11.69000    
   4580.000       11.72000    
   4620.000       11.72000    
   4660.000       11.74000    
   4700.000       11.73000    
   4740.000       11.78000    
   4780.000       11.84000    
   4820.000       11.97000    
   4860.000       12.27000    
   4900.000       12.02000    
   4940.000       11.90000    
   4980.000       11.88000    
   5020.000       11.86000    
   5060.000       11.89000    
   5100.000       11.89000    
   5140.000       11.86000    
   5180.000       11.89000    
   5220.000       11.92000    
   5260.000       11.93000    
   5300.000       11.97000    
   5340.000       11.98000    
   5380.000       12.00000    
   5420.000       11.99000    
   5460.000       12.00000    
   5500.000       12.04000    
   5540.000       12.06000    
   5580.000       12.05000    
   5620.000       12.07000    
   5660.000       12.10000    
   5700.000       12.11000    
   5740.000       12.12000    
   5780.000       12.13000    
   5820.000       12.15000    
   5860.000       12.14000    
   5900.000       12.18000    
   6000.000       12.20000    
   6080.000       12.22000    
   6160.000       12.22000    
   6240.000       12.25000    
   6320.000       12.29000    
   6400.000       12.32000    
   6480.000       12.41000    
   6560.000       12.61000    
   6640.000       12.46000    
   6720.000       12.46000    
   6800.000       12.46000    
   6880.000       12.48000    
   6960.000       12.50000    
   7040.000       12.54000    
   7120.000       12.53000    
   7200.000       12.54000    
