        2525
   3128.779       11.58000    
   3130.860       11.60500    
   3132.942       11.54800    
   3135.023       11.47100    
   3137.104       11.42400    
   3139.186       11.39100    
   3141.267       11.35300    
   3143.349       11.33700    
   3145.430       11.34800    
   3147.511       11.37900    
   3149.593       11.43300    
   3151.674       11.42900    
   3153.755       11.38100    
   3155.837       11.34600    
   3157.918       11.30100    
   3160.000       11.28000    
   3162.081       11.29400    
   3164.162       11.34800    
   3166.244       11.27800    
   3168.325       11.27000    
   3170.406       11.26600    
   3172.488       11.26600    
   3174.569       11.23500    
   3176.650       11.19400    
   3178.732       11.18300    
   3180.813       11.19000    
   3182.895       11.17900    
   3184.976       11.16500    
   3187.057       11.15900    
   3189.139       11.14400    
   3191.220       11.10200    
   3193.301       11.07800    
   3195.383       11.07100    
   3197.464       11.07500    
   3199.545       11.08300    
   3201.627       11.08400    
   3203.708       11.06500    
   3205.790       11.04200    
   3207.871       11.02200    
   3209.952       11.03200    
   3212.033       11.05000    
   3214.115       11.05600    
   3216.196       11.05800    
   3218.278       11.07500    
   3220.359       11.12000    
   3222.440       11.13600    
   3224.522       11.12500    
   3226.603       11.09000    
   3228.684       11.04800    
   3230.766       11.00500    
   3232.847       10.98400    
   3234.928       10.99500    
   3237.010       11.00700    
   3239.091       11.00200    
   3241.173       10.98500    
   3243.254       10.96500    
   3245.335       10.98800    
   3247.417       11.02100    
   3249.498       11.01900    
   3251.579       10.99000    
   3253.661       10.97400    
   3255.742       10.96900    
   3257.823       10.96400    
   3259.905       10.94500    
   3261.986       10.90400    
   3264.068       10.87900    
   3266.149       10.85100    
   3268.230       10.85500    
   3270.312       10.90900    
   3272.393       10.97100    
   3274.474       11.00700    
   3276.556       11.04000    
   3278.637       11.06400    
   3280.719       11.04000    
   3282.800       11.00200    
   3284.881       10.97300    
   3286.963       10.96100    
   3289.044       10.97200    
   3291.125       10.95000    
   3293.207       10.91600    
   3295.288       10.90200    
   3297.369       10.92700    
   3299.451       10.95400    
   3301.532       10.95900    
   3303.614       10.96400    
   3305.695       10.97400    
   3307.776       10.98000    
   3309.858       10.98200    
   3311.939       10.97000    
   3314.020       10.95000    
   3316.102       10.93100    
   3318.183       10.92600    
   3320.264       10.93300    
   3322.346       10.94500    
   3324.427       10.94500    
   3326.509       10.93000    
   3328.590       10.90800    
   3330.671       10.88300    
   3332.752       10.86000    
   3334.834       10.86500    
   3336.915       10.90100    
   3338.997       10.92700    
   3341.078       10.92600    
   3343.159       10.88700    
   3345.241       10.88400    
   3347.322       10.88700    
   3349.404       10.88700    
   3351.485       10.87800    
   3353.566       10.88500    
   3355.647       10.87900    
   3357.729       10.87900    
   3359.810       10.89300    
   3361.892       10.89900    
   3363.973       10.90500    
   3366.054       10.90800    
   3368.136       10.90900    
   3370.217       10.90400    
   3372.298       10.91700    
   3374.380       10.89900    
   3376.461       10.87300    
   3378.542       10.86200    
   3380.624       10.86500    
   3382.705       10.85600    
   3384.787       10.86200    
   3386.868       10.88000    
   3388.949       10.89200    
   3391.031       10.88500    
   3393.112       10.87700    
   3395.193       10.87200    
   3397.275       10.88900    
   3399.356       10.87200    
   3401.438       10.87100    
   3403.519       10.87900    
   3405.600       10.89200    
   3407.682       10.90000    
   3409.763       10.91300    
   3411.844       10.92800    
   3413.926       10.93900    
   3416.007       10.92900    
   3418.088       10.92600    
   3420.170       10.93000    
   3422.251       10.94600    
   3424.333       10.94500    
   3426.414       10.92500    
   3428.495       10.92300    
   3430.577       10.93000    
   3432.658       10.92600    
   3434.739       10.92700    
   3436.821       10.94500    
   3438.902       10.96300    
   3440.983       10.96800    
   3443.065       10.93800    
   3445.146       10.92600    
   3447.228       10.92800    
   3449.309       10.93800    
   3451.390       10.91600    
   3453.472       10.89800    
   3455.553       10.88400    
   3457.634       10.87400    
   3459.716       10.85800    
   3461.797       10.85300    
   3463.878       10.85800    
   3465.960       10.86700    
   3468.041       10.86800    
   3470.123       10.88700    
   3472.204       10.88200    
   3474.285       10.88100    
   3476.366       10.90100    
   3478.448       10.92700    
   3480.529       10.91700    
   3482.611       10.91200    
   3484.692       10.92000    
   3486.773       10.94300    
   3488.855       10.94700    
   3490.936       10.94200    
   3493.018       10.94100    
   3495.099       10.93200    
   3497.180       10.91900    
   3499.261       10.91100    
   3501.343       10.90700    
   3503.424       10.90100    
   3505.506       10.89300    
   3507.587       10.89700    
   3509.668       10.90500    
   3511.750       10.90500    
   3513.831       10.89200    
   3515.912       10.88200    
   3517.994       10.86700    
   3520.075       10.85300    
   3522.156       10.86000    
   3524.238       10.89000    
   3526.319       10.90400    
   3528.401       10.89900    
   3530.482       10.87800    
   3532.563       10.87800    
   3534.645       10.88400    
   3536.726       10.87300    
   3538.807       10.84800    
   3540.889       10.83500    
   3542.970       10.83300    
   3545.052       10.83700    
   3547.133       10.84900    
   3549.214       10.87000    
   3551.296       10.89300    
   3553.377       10.89800    
   3555.458       10.88300    
   3557.540       10.87200    
   3559.621       10.87400    
   3561.702       10.86400    
   3563.784       10.84500    
   3565.865       10.83100    
   3567.947       10.81800    
   3570.028       10.80700    
   3572.109       10.78800    
   3574.191       10.77300    
   3576.272       10.78800    
   3578.353       10.80800    
   3580.435       10.81800    
   3582.516       10.81300    
   3584.597       10.80900    
   3586.679       10.80700    
   3588.760       10.82000    
   3590.842       10.83700    
   3592.923       10.85000    
   3595.004       10.86000    
   3597.085       10.86800    
   3599.167       10.85600    
   3601.248       10.82500    
   3603.330       10.79800    
   3605.411       10.78800    
   3607.492       10.77900    
   3609.574       10.78800    
   3611.655       10.81600    
   3613.736       10.83400    
   3615.818       10.83800    
   3617.899       10.84400    
   3619.980       10.85800    
   3622.062       10.87300    
   3624.143       10.89000    
   3626.225       10.90600    
   3628.306       10.88500    
   3630.387       10.85600    
   3632.469       10.84900    
   3634.550       10.85700    
   3636.631       10.85800    
   3638.713       10.85200    
   3640.794       10.84500    
   3642.875       10.83000    
   3644.957       10.82100    
   3647.038       10.82900    
   3649.120       10.84200    
   3651.201       10.84100    
   3653.282       10.83300    
   3655.364       10.82900    
   3657.445       10.83200    
   3659.526       10.82500    
   3661.608       10.82500    
   3663.689       10.82700    
   3665.771       10.81500    
   3667.852       10.79000    
   3669.933       10.79400    
   3672.015       10.79900    
   3674.096       10.80100    
   3676.177       10.80500    
   3678.259       10.81000    
   3680.340       10.80800    
   3682.421       10.80200    
   3684.503       10.80200    
   3686.584       10.80900    
   3688.666       10.81700    
   3690.747       10.81700    
   3692.828       10.82300    
   3694.910       10.82400    
   3696.991       10.81400    
   3699.072       10.81700    
   3701.154       10.83500    
   3703.235       10.85500    
   3705.316       10.87200    
   3707.398       10.87400    
   3709.479       10.86600    
   3711.561       10.85100    
   3713.642       10.83600    
   3715.723       10.81600    
   3717.805       10.82200    
   3719.886       10.82700    
   3721.967       10.82700    
   3724.049       10.81700    
   3726.130       10.79500    
   3728.211       10.76900    
   3730.293       10.75000    
   3732.374       10.76100    
   3734.456       10.79000    
   3736.537       10.79000    
   3738.618       10.76500    
   3740.699       10.72000    
   3742.781       10.70300    
   3744.862       10.72300    
   3746.944       10.77200    
   3749.025       10.82200    
   3751.106       10.83100    
   3753.188       10.78700    
   3755.269       10.73500    
   3757.351       10.68500    
   3759.432       10.65200    
   3761.513       10.62800    
   3763.594       10.62400    
   3765.676       10.65800    
   3767.757       10.73300    
   3769.839       10.81200    
   3771.920       10.83500    
   3774.001       10.80400    
   3776.083       10.73600    
   3778.164       10.67100    
   3780.245       10.62700    
   3782.327       10.59100    
   3784.408       10.55800    
   3786.490       10.53600    
   3788.571       10.54000    
   3790.652       10.58700    
   3792.734       10.65600    
   3794.815       10.73100    
   3796.896       10.79700    
   3798.978       10.82600    
   3801.059       10.80900    
   3803.140       10.74400    
   3805.222       10.66500    
   3807.303       10.61400    
   3809.385       10.57800    
   3811.466       10.54600    
   3813.547       10.52200    
   3815.629       10.52900    
   3817.710       10.56600    
   3819.791       10.60700    
   3821.873       10.60600    
   3823.954       10.59100    
   3826.035       10.60100    
   3828.117       10.62600    
   3830.198       10.66200    
   3832.280       10.72800    
   3834.361       10.78100    
   3836.442       10.79500    
   3838.523       10.77000    
   3840.605       10.70600    
   3842.686       10.64100    
   3844.768       10.59100    
   3846.849       10.55900    
   3848.930       10.53700    
   3851.012       10.52500    
   3853.093       10.50700    
   3855.175       10.48200    
   3857.256       10.46700    
   3859.337       10.47000    
   3861.418       10.47000    
   3863.500       10.47100    
   3865.581       10.47700    
   3867.663       10.49100    
   3869.744       10.50500    
   3871.825       10.51600    
   3873.907       10.52900    
   3875.988       10.55000    
   3878.069       10.56400    
   3880.151       10.58800    
   3882.232       10.62600    
   3884.313       10.68500    
   3886.395       10.74500    
   3888.476       10.79200    
   3890.558       10.82000    
   3892.639       10.80700    
   3894.720       10.73300    
   3896.802       10.64700    
   3898.883       10.57700    
   3900.964       10.53000    
   3903.046       10.49800    
   3905.127       10.47400    
   3907.208       10.45400    
   3909.290       10.45100    
   3911.371       10.46800    
   3913.453       10.48000    
   3915.534       10.48400    
   3917.615       10.48100    
   3919.697       10.48300    
   3921.778       10.49800    
   3923.859       10.51200    
   3925.941       10.51700    
   3928.022       10.51200    
   3930.104       10.50300    
   3932.185       10.50100    
   3934.266       10.50400    
   3936.348       10.50800    
   3938.429       10.50300    
   3940.510       10.49000    
   3942.592       10.48100    
   3944.673       10.47900    
   3946.754       10.48700    
   3948.836       10.50300    
   3950.917       10.51800    
   3952.999       10.52600    
   3955.080       10.52400    
   3957.161       10.52900    
   3959.243       10.56000    
   3961.324       10.59800    
   3963.405       10.64100    
   3965.487       10.70100    
   3967.568       10.77000    
   3969.649       10.82500    
   3971.731       10.84400    
   3973.812       10.82300    
   3975.894       10.75100    
   3977.975       10.66800    
   3980.056       10.59600    
   3982.138       10.54600    
   3984.219       10.52400    
   3986.300       10.50900    
   3988.382       10.49200    
   3990.463       10.47600    
   3992.544       10.47200    
   3994.626       10.47400    
   3996.707       10.47200    
   3998.789       10.46800    
   4000.870       10.46900    
   4002.951       10.47700    
   4005.032       10.49500    
   4007.114       10.51500    
   4009.195       10.52900    
   4011.277       10.53200    
   4013.358       10.51600    
   4015.439       10.49800    
   4017.521       10.48500    
   4019.602       10.47900    
   4021.684       10.48600    
   4023.765       10.51300    
   4025.846       10.55100    
   4027.927       10.57200    
   4030.009       10.54800    
   4032.090       10.50800    
   4034.172       10.47800    
   4036.253       10.46800    
   4038.334       10.46800    
   4040.416       10.46700    
   4042.497       10.46000    
   4044.578       10.44700    
   4046.660       10.43300    
   4048.741       10.43300    
   4050.823       10.43400    
   4052.904       10.43500    
   4054.985       10.43300    
   4057.067       10.43100    
   4059.148       10.43200    
   4061.229       10.43600    
   4063.311       10.44300    
   4065.392       10.45300    
   4067.473       10.46400    
   4069.555       10.47300    
   4071.636       10.48000    
   4073.718       10.49000    
   4075.799       10.49800    
   4077.880       10.50200    
   4079.962       10.50400    
   4082.043       10.50300    
   4084.124       10.50700    
   4086.206       10.51300    
   4088.287       10.51900    
   4090.368       10.52400    
   4092.450       10.53900    
   4094.531       10.57900    
   4096.612       10.64200    
   4098.694       10.71100    
   4100.775       10.77300    
   4102.856       10.81000    
   4104.938       10.80400    
   4107.020       10.75800    
   4109.101       10.68400    
   4111.182       10.61500    
   4113.263       10.56400    
   4115.345       10.53400    
   4117.426       10.52200    
   4119.507       10.52100    
   4121.589       10.51700    
   4123.670       10.50600    
   4125.751       10.49500    
   4127.833       10.48800    
   4129.914       10.48200    
   4131.996       10.47500    
   4134.077       10.47100    
   4136.158       10.47200    
   4138.240       10.48700    
   4140.321       10.50900    
   4142.402       10.53100    
   4144.484       10.54000    
   4146.565       10.53600    
   4148.646       10.51800    
   4150.728       10.49500    
   4152.810       10.47800    
   4154.891       10.47200    
   4156.972       10.46500    
   4159.053       10.45300    
   4161.135       10.44100    
   4163.216       10.43800    
   4165.297       10.44500    
   4167.379       10.45200    
   4169.460       10.45700    
   4171.542       10.46000    
   4173.623       10.46000    
   4175.704       10.45300    
   4177.786       10.44600    
   4179.867       10.43900    
   4181.948       10.43700    
   4184.030       10.44100    
   4186.111       10.44700    
   4188.192       10.45400    
   4190.274       10.45800    
   4192.355       10.46000    
   4194.437       10.45700    
   4196.518       10.45000    
   4198.599       10.44700    
   4200.681       10.44700    
   4202.762       10.44500    
   4204.843       10.44400    
   4206.925       10.44300    
   4209.006       10.44500    
   4211.087       10.44100    
   4213.169       10.44300    
   4215.250       10.45100    
   4217.332       10.45500    
   4219.413       10.45400    
   4221.494       10.45200    
   4223.576       10.44900    
   4225.657       10.44700    
   4227.738       10.44900    
   4229.820       10.45100    
   4231.901       10.45200    
   4233.982       10.45100    
   4236.063       10.45100    
   4238.145       10.45400    
   4240.227       10.45200    
   4242.308       10.44500    
   4244.389       10.44100    
   4246.471       10.44500    
   4248.552       10.45300    
   4250.633       10.45800    
   4252.715       10.45500    
   4254.796       10.44900    
   4256.877       10.44600    
   4258.959       10.45000    
   4261.040       10.46100    
   4263.122       10.47100    
   4265.203       10.47400    
   4267.284       10.47100    
   4269.366       10.46100    
   4271.447       10.45600    
   4273.528       10.45000    
   4275.609       10.44800    
   4277.691       10.44600    
   4279.772       10.44100    
   4281.854       10.43800    
   4283.935       10.43600    
   4286.017       10.43600    
   4288.098       10.43800    
   4290.179       10.44200    
   4292.261       10.44900    
   4294.342       10.46100    
   4296.423       10.46700    
   4298.505       10.46400    
   4300.586       10.45500    
   4302.667       10.45300    
   4304.749       10.45800    
   4306.830       10.46300    
   4308.912       10.46300    
   4310.993       10.45800    
   4313.074       10.45400    
   4315.155       10.45600    
   4317.237       10.46400    
   4319.318       10.47100    
   4321.399       10.47400    
   4323.481       10.47900    
   4325.563       10.49100    
   4327.644       10.50600    
   4329.725       10.52500    
   4331.807       10.55300    
   4333.888       10.59100    
   4335.969       10.64000    
   4338.051       10.70300    
   4340.132       10.76100    
   4342.213       10.78300    
   4344.294       10.76100    
   4346.376       10.69800    
   4348.457       10.62800    
   4350.539       10.57000    
   4352.620       10.52900    
   4354.701       10.50600    
   4356.783       10.49200    
   4358.864       10.48300    
   4360.945       10.47700    
   4363.027       10.47300    
   4365.108       10.47000    
   4367.189       10.46600    
   4369.271       10.46200    
   4371.353       10.45900    
   4373.434       10.46000    
   4375.515       10.46100    
   4377.597       10.45800    
   4379.678       10.45700    
   4381.759       10.46700    
   4383.840       10.48800    
   4385.922       10.50900    
   4388.003       10.52200    
   4390.084       10.51800    
   4392.166       10.50200    
   4394.247       10.48400    
   4396.329       10.46500    
   4398.410       10.44700    
   4400.491       10.43700    
   4402.573       10.42900    
   4404.654       10.42000    
   4406.735       10.41500    
   4408.817       10.41600    
   4410.898       10.41900    
   4412.979       10.42700    
   4415.061       10.44200    
   4417.143       10.45600    
   4419.224       10.45400    
   4421.305       10.44800    
   4423.386       10.44600    
   4425.468       10.44800    
   4427.549       10.45600    
   4429.630       10.46400    
   4431.712       10.46700    
   4433.793       10.46500    
   4435.875       10.46000    
   4437.956       10.46200    
   4440.037       10.46400    
   4442.119       10.46300    
   4444.200       10.45300    
   4446.281       10.44100    
   4448.363       10.43400    
   4450.444       10.43400    
   4452.525       10.43200    
   4454.607       10.42700    
   4456.688       10.42400    
   4458.770       10.42400    
   4460.851       10.42700    
   4462.932       10.43700    
   4465.014       10.45900    
   4467.095       10.48900    
   4469.176       10.52300    
   4471.258       10.55200    
   4473.339       10.55400    
   4475.420       10.53500    
   4477.502       10.51000    
   4479.583       10.48800    
   4481.665       10.47000    
   4483.746       10.45300    
   4485.827       10.44000    
   4487.909       10.43500    
   4489.990       10.44100    
   4492.071       10.45000    
   4494.153       10.45200    
   4496.234       10.44600    
   4498.315       10.43600    
   4500.396       10.43300    
   4502.478       10.43000    
   4504.560       10.43100    
   4506.641       10.43500    
   4508.722       10.43100    
   4510.804       10.42100    
   4512.885       10.41700    
   4514.966       10.42000    
   4517.048       10.42000    
   4519.129       10.42400    
   4521.210       10.42500    
   4523.292       10.42300    
   4525.373       10.41900    
   4527.455       10.42600    
   4529.536       10.43400    
   4531.617       10.43800    
   4533.699       10.43200    
   4535.780       10.41700    
   4537.861       10.41400    
   4539.942       10.41700    
   4542.024       10.41900    
   4544.105       10.42000    
   4546.187       10.42500    
   4548.268       10.42800    
   4550.350       10.42700    
   4552.431       10.42900    
   4554.512       10.43300    
   4556.594       10.43200    
   4558.675       10.43100    
   4560.756       10.43300    
   4562.838       10.43800    
   4564.919       10.44100    
   4567.000       10.44300    
   4569.082       10.44500    
   4571.163       10.44500    
   4573.245       10.43800    
   4575.326       10.43500    
   4577.407       10.43400    
   4579.488       10.43300    
   4581.570       10.43300    
   4583.651       10.43500    
   4585.732       10.43500    
   4587.814       10.43500    
   4589.896       10.43500    
   4591.977       10.43700    
   4594.058       10.44400    
   4596.140       10.45200    
   4598.221       10.45500    
   4600.302       10.45500    
   4602.384       10.45100    
   4604.465       10.44800    
   4606.546       10.45400    
   4608.627       10.45900    
   4610.709       10.45600    
   4612.790       10.44800    
   4614.872       10.43800    
   4616.953       10.43200    
   4619.034       10.42900    
   4621.116       10.43000    
   4623.197       10.43300    
   4625.278       10.43600    
   4627.360       10.44100    
   4629.441       10.44700    
   4631.522       10.45500    
   4633.604       10.46200    
   4635.686       10.46400    
   4637.767       10.46600    
   4639.848       10.46100    
   4641.930       10.45100    
   4644.011       10.45000    
   4646.092       10.45000    
   4648.173       10.45200    
   4650.255       10.45300    
   4652.336       10.45000    
   4654.417       10.44000    
   4656.499       10.43400    
   4658.580       10.43200    
   4660.662       10.43100    
   4662.743       10.42600    
   4664.824       10.42300    
   4666.906       10.42300    
   4668.987       10.42600    
   4671.068       10.43000    
   4673.150       10.43100    
   4675.231       10.43300    
   4677.313       10.43600    
   4679.394       10.43400    
   4681.476       10.42800    
   4683.557       10.42700    
   4685.638       10.42900    
   4687.719       10.42900    
   4689.801       10.43200    
   4691.882       10.43800    
   4693.963       10.44400    
   4696.045       10.44800    
   4698.126       10.44700    
   4700.208       10.44200    
   4702.289       10.43700    
   4704.370       10.43400    
   4706.452       10.44000    
   4708.533       10.44500    
   4710.614       10.45400    
   4712.696       10.46400    
   4714.777       10.46900    
   4716.858       10.46500    
   4718.940       10.45500    
   4721.021       10.44800    
   4723.103       10.44700    
   4725.184       10.44900    
   4727.265       10.45100    
   4729.347       10.45200    
   4731.428       10.44800    
   4733.509       10.44600    
   4735.591       10.44100    
   4737.672       10.43500    
   4739.753       10.43500    
   4741.835       10.44300    
   4743.916       10.44800    
   4745.998       10.44700    
   4748.079       10.44500    
   4750.160       10.44300    
   4752.242       10.44900    
   4754.323       10.45500    
   4756.404       10.45500    
   4758.486       10.45000    
   4760.567       10.44700    
   4762.648       10.44600    
   4764.729       10.44800    
   4766.811       10.45200    
   4768.893       10.45300    
   4770.974       10.44900    
   4773.055       10.44900    
   4775.137       10.45500    
   4777.218       10.46000    
   4779.299       10.46500    
   4781.381       10.46600    
   4783.462       10.46000    
   4785.543       10.45100    
   4787.625       10.44600    
   4789.706       10.44700    
   4791.788       10.44900    
   4793.869       10.45500    
   4795.950       10.45900    
   4798.032       10.45800    
   4800.113       10.45500    
   4802.194       10.45400    
   4804.275       10.45300    
   4806.357       10.45300    
   4808.438       10.44900    
   4810.520       10.44100    
   4812.601       10.43800    
   4814.683       10.44300    
   4816.764       10.44700    
   4818.845       10.44600    
   4820.927       10.44300    
   4823.008       10.44600    
   4825.089       10.45100    
   4827.171       10.45500    
   4829.252       10.45900    
   4831.333       10.46300    
   4833.415       10.46500    
   4835.496       10.46400    
   4837.578       10.46500    
   4839.659       10.46000    
   4841.740       10.46500    
   4843.821       10.47400    
   4845.903       10.48400    
   4847.984       10.49400    
   4850.065       10.50700    
   4852.147       10.52400    
   4854.229       10.55500    
   4856.310       10.60900    
   4858.391       10.67200    
   4860.473       10.74400    
   4862.554       10.79000    
   4864.635       10.78600    
   4866.717       10.72900    
   4868.798       10.65400    
   4870.879       10.59500    
   4872.960       10.55500    
   4875.042       10.53100    
   4877.123       10.51700    
   4879.205       10.50700    
   4881.286       10.50300    
   4883.367       10.49500    
   4885.449       10.49300    
   4887.530       10.48900    
   4889.611       10.48400    
   4891.693       10.47200    
   4893.774       10.46700    
   4895.855       10.46100    
   4897.937       10.45800    
   4900.019       10.45600    
   4902.100       10.45400    
   4904.181       10.45000    
   4906.263       10.45100    
   4908.344       10.45300    
   4910.425       10.45300    
   4912.506       10.45200    
   4914.588       10.45500    
   4916.669       10.46700    
   4918.750       10.49300    
   4920.832       10.51500    
   4922.913       10.52700    
   4924.995       10.52200    
   4927.076       10.50400    
   4929.157       10.47800    
   4931.239       10.45900    
   4933.320       10.44800    
   4935.401       10.44200    
   4937.483       10.43900    
   4939.564       10.43900    
   4941.646       10.43800    
   4943.727       10.43800    
   4945.809       10.44100    
   4947.890       10.44400    
   4949.971       10.44500    
   4952.052       10.44300    
   4954.134       10.44300    
   4956.215       10.44100    
   4958.296       10.44000    
   4960.378       10.44000    
   4962.459       10.44100    
   4964.541       10.44100    
   4966.622       10.43900    
   4968.703       10.43700    
   4970.785       10.43300    
   4972.866       10.43200    
   4974.947       10.43500    
   4977.029       10.44400    
   4979.110       10.44600    
   4981.191       10.43800    
   4983.273       10.43000    
   4985.354       10.43000    
   4987.436       10.43800    
   4989.517       10.44300    
   4991.598       10.44500    
   4993.680       10.44300    
   4995.761       10.44200    
   4997.842       10.44500    
   4999.924       10.44900    
   5002.005       10.45100    
   5004.086       10.44900    
   5006.168       10.44500    
   5008.249       10.44600    
   5010.331       10.45500    
   5012.412       10.46800    
   5014.493       10.48000    
   5016.575       10.48800    
   5018.656       10.48800    
   5020.737       10.47800    
   5022.819       10.46400    
   5024.900       10.46000    
   5026.981       10.45700    
   5029.063       10.45400    
   5031.144       10.45100    
   5033.226       10.44700    
   5035.307       10.44500    
   5037.388       10.44600    
   5039.470       10.44700    
   5041.551       10.44700    
   5043.632       10.45100    
   5045.714       10.45900    
   5047.795       10.46900    
   5049.876       10.47300    
   5051.958       10.47100    
   5054.039       10.46300    
   5056.121       10.45400    
   5058.202       10.45300    
   5060.283       10.45600    
   5062.365       10.46100    
   5064.446       10.46500    
   5066.527       10.46300    
   5068.608       10.45400    
   5070.690       10.44800    
   5072.771       10.44600    
   5074.853       10.44200    
   5076.934       10.43900    
   5079.016       10.43100    
   5081.097       10.42500    
   5083.178       10.42200    
   5085.260       10.42700    
   5087.341       10.43300    
   5089.422       10.43900    
   5091.504       10.44600    
   5093.585       10.45500    
   5095.667       10.46500    
   5097.748       10.46600    
   5099.829       10.46400    
   5101.911       10.46300    
   5103.992       10.46200    
   5106.073       10.46000    
   5108.154       10.45800    
   5110.236       10.45700    
   5112.317       10.45700    
   5114.398       10.45100    
   5116.480       10.44200    
   5118.562       10.44000    
   5120.643       10.45300    
   5122.724       10.46000    
   5124.806       10.45700    
   5126.887       10.45000    
   5128.968       10.44500    
   5131.050       10.44600    
   5133.131       10.44800    
   5135.212       10.44900    
   5137.293       10.44700    
   5139.375       10.44700    
   5141.456       10.44700    
   5143.538       10.45100    
   5145.619       10.45700    
   5147.700       10.46400    
   5149.782       10.46200    
   5151.863       10.45400    
   5153.944       10.44800    
   5156.026       10.44800    
   5158.107       10.44700    
   5160.188       10.44700    
   5162.270       10.44900    
   5164.352       10.45000    
   5166.433       10.44900    
   5168.514       10.44500    
   5170.596       10.43900    
   5172.677       10.43200    
   5174.758       10.43200    
   5176.840       10.43700    
   5178.921       10.44000    
   5181.002       10.44100    
   5183.083       10.43900    
   5185.165       10.44200    
   5187.246       10.43900    
   5189.328       10.43500    
   5191.409       10.43300    
   5193.490       10.43000    
   5195.572       10.42900    
   5197.653       10.43400    
   5199.734       10.43700    
   5201.816       10.43400    
   5203.897       10.43000    
   5205.979       10.43200    
   5208.060       10.43800    
   5210.142       10.44900    
   5212.223       10.45800    
   5214.304       10.45300    
   5216.386       10.44200    
   5218.467       10.43600    
   5220.548       10.43800    
   5222.629       10.43600    
   5224.711       10.43300    
   5226.792       10.43200    
   5228.874       10.43300    
   5230.955       10.43300    
   5233.036       10.43800    
   5235.118       10.44600    
   5237.199       10.44800    
   5239.280       10.43900    
   5241.362       10.43500    
   5243.443       10.43300    
   5245.524       10.43200    
   5247.605       10.43000    
   5249.688       10.43500    
   5251.769       10.44100    
   5253.850       10.44400    
   5255.931       10.44100    
   5258.013       10.44400    
   5260.094       10.44600    
   5262.175       10.44700    
   5264.257       10.43800    
   5266.338       10.42800    
   5268.419       10.42400    
   5270.501       10.42700    
   5272.582       10.43000    
   5274.664       10.42900    
   5276.745       10.43300    
   5278.826       10.43400    
   5280.908       10.42000    
   5282.989       10.42000    
   5285.070       10.42800    
   5287.151       10.43400    
   5289.233       10.43500    
   5291.314       10.43000    
   5293.396       10.43000    
   5295.477       10.42600    
   5297.559       10.42200    
   5299.640       10.42100    
   5301.721       10.42900    
   5303.803       10.43500    
   5305.884       10.43700    
   5307.965       10.43300    
   5310.047       10.42700    
   5312.128       10.42000    
   5314.209       10.41700    
   5316.291       10.41800    
   5318.372       10.42600    
   5320.454       10.43100    
   5322.535       10.43400    
   5324.616       10.43400    
   5326.697       10.43400    
   5328.779       10.42200    
   5330.860       10.42000    
   5332.941       10.42400    
   5335.023       10.43300    
   5337.104       10.43700    
   5339.186       10.43900    
   5341.267       10.43500    
   5343.349       10.42500    
   5345.430       10.42300    
   5347.511       10.43000    
   5349.593       10.43700    
   5351.674       10.43800    
   5353.755       10.43900    
   5355.837       10.43700    
   5357.918       10.43600    
   5359.999       10.43600    
   5362.081       10.43500    
   5364.162       10.43700    
   5366.243       10.43800    
   5368.325       10.43700    
   5370.406       10.43500    
   5372.487       10.42500    
   5374.569       10.41500    
   5376.650       10.41200    
   5378.731       10.41500    
   5380.813       10.41800    
   5382.895       10.41200    
   5384.976       10.41300    
   5387.057       10.41900    
   5389.139       10.42300    
   5391.220       10.41700    
   5393.301       10.41400    
   5395.383       10.41500    
   5397.464       10.41900    
   5399.545       10.42400    
   5401.627       10.42200    
   5403.708       10.41500    
   5405.789       10.40900    
   5407.871       10.41200    
   5409.952       10.40900    
   5412.033       10.40500    
   5414.115       10.40500    
   5416.196       10.41000    
   5418.277       10.41800    
   5420.359       10.41800    
   5422.440       10.41500    
   5424.521       10.41200    
   5426.603       10.42100    
   5428.685       10.42400    
   5430.766       10.42500    
   5432.847       10.42400    
   5434.929       10.42700    
   5437.010       10.42300    
   5439.091       10.42300    
   5441.173       10.42700    
   5443.254       10.43400    
   5445.335       10.43400    
   5447.417       10.42900    
   5449.498       10.42900    
   5451.579       10.43600    
   5453.661       10.44400    
   5455.742       10.44500    
   5457.823       10.44000    
   5459.905       10.43700    
   5461.986       10.43300    
   5464.067       10.43400    
   5466.149       10.43600    
   5468.230       10.43600    
   5470.312       10.43800    
   5472.393       10.43800    
   5474.475       10.44300    
   5476.556       10.44600    
   5478.637       10.44200    
   5480.719       10.43800    
   5482.800       10.43100    
   5484.881       10.42800    
   5486.962       10.43100    
   5489.044       10.43400    
   5491.125       10.43500    
   5493.207       10.43500    
   5495.288       10.43700    
   5497.369       10.42400    
   5499.451       10.41500    
   5501.532       10.41200    
   5503.613       10.41800    
   5505.695       10.41800    
   5507.776       10.41300    
   5509.857       10.40500    
   5511.938       10.40400    
   5514.021       10.40800    
   5516.102       10.41100    
   5518.183       10.41000    
   5520.264       10.41500    
   5522.346       10.42100    
   5524.427       10.42200    
   5526.508       10.42400    
   5528.590       10.43200    
   5530.671       10.44000    
   5532.752       10.44500    
   5534.834       10.44300    
   5536.915       10.43900    
   5538.997       10.43300    
   5541.078       10.43200    
   5543.159       10.43600    
   5545.241       10.44100    
   5547.322       10.43900    
   5549.403       10.43500    
   5551.484       10.42500    
   5553.566       10.41400    
   5555.647       10.40300    
   5557.729       10.39800    
   5559.810       10.39600    
   5561.892       10.40000    
   5563.973       10.40800    
   5566.054       10.41600    
   5568.136       10.42200    
   5570.217       10.42400    
   5572.298       10.42500    
   5574.380       10.42500    
   5576.461       10.41700    
   5578.542       10.41500    
   5580.624       10.41400    
   5582.705       10.41200    
   5584.787       10.41300    
   5586.868       10.42000    
   5588.949       10.42700    
   5591.030       10.42700    
   5593.112       10.42100    
   5595.193       10.41800    
   5597.274       10.42000    
   5599.356       10.42200    
   5601.438       10.42200    
   5603.519       10.42000    
   5605.600       10.41500    
   5607.682       10.41200    
   5609.763       10.41200    
   5611.844       10.41300    
   5613.926       10.41500    
   5616.007       10.41800    
   5618.088       10.41600    
   5620.170       10.41300    
   5622.251       10.41600    
   5624.332       10.42300    
   5626.414       10.42700    
   5628.495       10.43100    
   5630.576       10.43200    
   5632.658       10.43600    
   5634.739       10.44400    
   5636.820       10.45000    
   5638.902       10.45300    
   5640.983       10.45200    
   5643.064       10.45400    
   5645.146       10.45500    
   5647.228       10.45300    
   5649.309       10.44600    
   5651.390       10.43500    
   5653.472       10.42800    
   5655.553       10.42800    
   5657.634       10.43300    
   5659.716       10.43100    
   5661.797       10.43300    
   5663.878       10.43400    
   5665.960       10.43400    
   5668.041       10.43600    
   5670.122       10.43800    
   5672.204       10.44300    
   5674.285       10.44900    
   5676.366       10.45600    
   5678.448       10.45400    
   5680.529       10.45200    
   5682.610       10.45100    
   5684.692       10.45300    
   5686.773       10.45300    
   5688.854       10.45500    
   5690.936       10.45600    
   5693.018       10.46000    
   5695.099       10.45900    
   5697.180       10.45300    
   5699.262       10.44300    
   5701.343       10.44500    
   5703.424       10.44500    
   5705.506       10.44400    
   5707.587       10.44400    
   5709.668       10.44600    
   5711.750       10.44600    
   5713.831       10.44200    
   5715.912       10.44100    
   5717.994       10.44700    
   5720.075       10.44600    
   5722.156       10.43900    
   5724.238       10.43300    
   5726.319       10.43300    
   5728.400       10.43700    
   5730.482       10.43900    
   5732.563       10.44200    
   5734.645       10.44600    
   5736.726       10.44500    
   5738.808       10.44200    
   5740.889       10.43900    
   5742.970       10.43700    
   5745.052       10.43300    
   5747.133       10.43100    
   5749.214       10.42800    
   5751.295       10.42600    
   5753.377       10.43200    
   5755.458       10.43400    
   5757.540       10.43000    
   5759.621       10.42500    
   5761.702       10.42700    
   5763.784       10.43200    
   5765.865       10.43900    
   5767.946       10.44400    
   5770.028       10.44600    
   5772.109       10.44500    
   5774.190       10.44400    
   5776.271       10.44400    
   5778.354       10.45100    
   5780.435       10.45500    
   5782.516       10.45200    
   5784.597       10.44800    
   5786.679       10.44700    
   5788.760       10.45100    
   5790.841       10.45300    
   5792.923       10.45700    
   5795.004       10.45600    
   5797.085       10.45200    
   5799.167       10.44900    
   5801.248       10.44900    
   5803.330       10.45000    
   5805.411       10.44800    
   5807.492       10.45000    
   5809.574       10.44500    
   5811.655       10.43900    
   5813.736       10.43000    
   5815.817       10.42200    
   5817.899       10.41700    
   5819.980       10.41800    
   5822.062       10.41400    
   5824.143       10.41100    
   5826.225       10.40600    
   5828.306       10.40700    
   5830.387       10.41000    
   5832.469       10.41700    
   5834.550       10.42000    
   5836.631       10.42100    
   5838.713       10.42600    
   5840.794       10.43400    
   5842.875       10.44100    
   5844.957       10.44100    
   5847.038       10.43700    
   5849.120       10.43500    
   5851.201       10.44100    
   5853.282       10.44700    
   5855.363       10.44700    
   5857.445       10.44600    
   5859.526       10.44700    
   5861.607       10.45200    
   5863.689       10.46100    
   5865.771       10.46700    
   5867.852       10.47100    
   5869.933       10.47900    
   5872.015       10.49000    
   5874.096       10.50400    
   5876.177       10.51600    
   5878.259       10.51500    
   5880.340       10.50700    
   5882.421       10.50400    
   5884.503       10.50700    
   5886.584       10.51400    
   5888.665       10.52700    
   5890.747       10.53300    
   5892.828       10.53400    
   5894.909       10.53100    
   5896.991       10.52900    
   5899.072       10.51900    
   5901.153       10.50600    
   5903.235       10.49100    
   5905.316       10.47700    
   5907.397       10.46400    
   5909.479       10.45800    
   5911.561       10.45200    
   5913.642       10.44800    
   5915.723       10.45600    
   5917.805       10.46800    
   5919.886       10.47700    
   5921.967       10.47900    
   5924.049       10.48100    
   5926.130       10.48100    
   5928.211       10.47700    
   5930.293       10.46800    
   5932.374       10.46700    
   5934.455       10.47000    
   5936.537       10.46200    
   5938.618       10.45600    
   5940.699       10.46300    
   5942.781       10.47100    
   5944.862       10.47500    
   5946.943       10.47100    
   5949.025       10.46400    
   5951.106       10.46500    
   5953.188       10.46900    
   5955.269       10.47600    
   5957.351       10.47500    
   5959.432       10.47300    
   5961.513       10.47300    
   5963.595       10.47800    
   5965.676       10.48700    
   5967.757       10.50000    
   5969.839       10.50500    
   5971.920       10.49900    
   5974.001       10.49200    
   5976.083       10.49000    
   5978.164       10.49000    
   5980.245       10.49000    
   5982.327       10.48700    
   5984.408       10.47600    
   5986.489       10.46700    
   5988.571       10.46400    
   5990.652       10.47400    
   5992.733       10.48700    
   5994.815       10.49100    
   5996.896       10.48800    
   5998.978       10.48500    
   6001.059       10.49100    
   6003.141       10.50000    
   6005.222       10.50800    
   6007.303       10.50800    
   6009.385       10.50200    
   6011.466       10.49600    
   6013.547       10.49400    
   6015.628       10.49600    
   6017.710       10.49400    
   6019.791       10.48400    
   6021.873       10.47300    
   6023.954       10.47100    
   6026.035       10.48000    
   6028.117       10.48200    
   6030.198       10.48300    
   6032.279       10.48400    
   6034.361       10.49100    
   6036.442       10.49600    
   6038.523       10.49900    
   6040.604       10.50000    
   6042.687       10.49600    
   6044.768       10.49200    
   6046.849       10.49000    
   6048.930       10.48900    
   6051.012       10.49000    
   6053.093       10.48800    
   6055.174       10.48800    
   6057.256       10.49200    
   6059.337       10.49800    
   6061.418       10.49700    
   6063.500       10.49900    
   6065.581       10.50600    
   6067.663       10.52000    
   6069.744       10.52500    
   6071.825       10.52900    
   6073.907       10.52900    
   6075.988       10.52600    
   6078.069       10.51800    
   6080.150       10.51700    
   6082.232       10.52000    
   6084.313       10.52100    
   6086.395       10.50900    
   6088.476       10.50500    
   6090.558       10.51000    
   6092.639       10.52500    
   6094.720       10.52900    
   6096.802       10.52600    
   6098.883       10.51900    
   6100.964       10.51300    
   6103.046       10.50700    
   6105.127       10.50300    
   6107.208       10.50500    
   6109.290       10.51300    
   6111.371       10.51900    
   6113.453       10.51400    
   6115.534       10.50700    
   6117.615       10.50600    
   6119.696       10.51200    
   6121.778       10.51000    
   6123.859       10.50400    
   6125.940       10.49900    
   6128.022       10.50200    
   6130.104       10.50800    
   6132.185       10.51300    
   6134.266       10.51600    
   6136.348       10.51900    
   6138.429       10.52600    
   6140.510       10.53300    
   6142.592       10.54000    
   6144.673       10.54400    
   6146.754       10.54600    
   6148.836       10.54300    
   6150.917       10.53900    
   6152.998       10.53600    
   6155.080       10.54000    
   6157.161       10.54400    
   6159.242       10.54800    
   6161.324       10.54900    
   6163.405       10.54900    
   6165.486       10.55200    
   6167.568       10.55800    
   6169.649       10.56400    
   6171.730       10.56400    
   6173.812       10.56200    
   6175.894       10.55900    
   6177.975       10.55600    
   6180.056       10.55400    
   6182.138       10.55200    
   6184.219       10.55200    
   6186.300       10.55300    
   6188.382       10.54700    
   6190.463       10.53700    
   6192.544       10.52600    
   6194.626       10.51600    
   6196.707       10.51000    
   6198.788       10.51100    
   6200.870       10.51800    
   6202.951       10.52900    
   6205.032       10.53000    
   6207.114       10.53100    
   6209.195       10.53500    
   6211.276       10.54300    
   6213.358       10.55200    
   6215.439       10.55500    
   6217.521       10.55100    
   6219.602       10.54300    
   6221.684       10.54300    
   6223.765       10.54400    
   6225.846       10.54300    
   6227.928       10.54100    
   6230.009       10.54300    
   6232.090       10.54600    
   6234.172       10.54900    
   6236.253       10.55100    
   6238.334       10.54800    
   6240.416       10.55000    
   6242.497       10.55700    
   6244.578       10.56700    
   6246.660       10.57700    
   6248.741       10.58700    
   6250.822       10.58700    
   6252.904       10.57900    
   6254.985       10.56800    
   6257.066       10.56400    
   6259.148       10.56100    
   6261.229       10.55700    
   6263.311       10.55500    
   6265.392       10.55800    
   6267.474       10.56600    
   6269.555       10.57600    
   6271.636       10.58500    
   6273.718       10.59000    
   6275.799       10.60100    
   6277.880       10.61300    
   6279.961       10.62100    
   6282.043       10.62100    
   6284.124       10.62100    
   6286.206       10.62100    
   6288.287       10.62100    
   6290.368       10.61300    
   6292.450       10.59700    
   6294.531       10.57800    
   6296.612       10.56300    
   6298.694       10.56400    
   6300.775       10.56700    
   6302.856       10.56900    
   6304.938       10.56800    
   6307.020       10.56800    
   6309.101       10.56100    
   6311.182       10.55200    
   6313.263       10.54300    
   6315.345       10.54000    
   6317.426       10.53900    
   6319.507       10.53900    
   6321.589       10.53900    
   6323.670       10.54600    
   6325.751       10.55600    
   6327.833       10.56300    
   6329.914       10.56600    
   6331.996       10.56600    
   6334.077       10.56900    
   6336.158       10.57100    
   6338.240       10.57000    
   6340.321       10.56700    
   6342.402       10.56900    
   6344.483       10.57000    
   6346.565       10.57100    
   6348.646       10.57300    
   6350.728       10.57000    
   6352.809       10.56100    
   6354.891       10.55100    
   6356.972       10.54700    
   6359.053       10.56500    
   6361.135       10.57700    
   6363.216       10.58300    
   6365.297       10.58100    
   6367.379       10.58000    
   6369.460       10.58300    
   6371.542       10.58600    
   6373.623       10.58800    
   6375.704       10.59400    
   6377.785       10.59400    
   6379.867       10.59100    
   6381.948       10.58900    
   6384.029       10.59500    
   6386.111       10.60100    
   6388.192       10.60200    
   6390.273       10.59800    
   6392.355       10.58400    
   6394.437       10.57400    
   6396.518       10.57000    
   6398.599       10.57200    
   6400.681       10.57300    
   6402.762       10.57300    
   6404.843       10.56900    
   6406.925       10.56300    
   6409.006       10.55500    
   6411.087       10.55800    
   6413.169       10.56100    
   6415.250       10.56400    
   6417.331       10.56400    
   6419.413       10.56800    
   6421.494       10.57100    
   6423.575       10.57200    
   6425.657       10.56800    
   6427.738       10.56900    
   6429.819       10.56900    
   6431.901       10.56600    
   6433.982       10.55800    
   6436.063       10.55400    
   6438.145       10.55700    
   6440.227       10.56300    
   6442.308       10.56800    
   6444.389       10.57600    
   6446.471       10.57700    
   6448.552       10.57200    
   6450.633       10.56000    
   6452.715       10.55800    
   6454.796       10.55900    
   6456.877       10.56100    
   6458.959       10.56200    
   6461.040       10.55800    
   6463.121       10.55700    
   6465.203       10.56300    
   6467.284       10.57400    
   6469.365       10.58300    
   6471.447       10.58400    
   6473.528       10.58200    
   6475.609       10.57900    
   6477.691       10.57600    
   6479.772       10.57100    
   6481.854       10.56900    
   6483.935       10.57100    
   6486.017       10.57900    
   6488.098       10.58200    
   6490.179       10.58500    
   6492.261       10.58700    
   6494.342       10.58200    
   6496.423       10.57300    
   6498.505       10.57000    
   6500.586       10.57100    
   6502.667       10.57500    
   6504.749       10.58300    
   6506.830       10.58700    
   6508.911       10.58400    
   6510.993       10.57100    
   6513.074       10.56600    
   6515.155       10.56700    
   6517.237       10.57100    
   6519.318       10.57900    
   6521.399       10.58600    
   6523.481       10.59100    
   6525.563       10.59600    
   6527.644       10.60100    
   6529.725       10.60600    
   6531.807       10.61100    
   6533.888       10.61400    
   6535.969       10.61300    
   6538.050       10.60300    
   6540.132       10.59900    
   6542.213       10.60300    
   6544.294       10.61500    
   6546.376       10.63500    
   6548.457       10.65400    
   6550.539       10.67200    
   6552.620       10.68700    
   6554.701       10.70400    
   6556.783       10.72000    
   6558.864       10.74100    
   6560.945       10.76800    
   6563.027       10.79800    
   6565.108       10.80400    
   6567.189       10.78500    
   6569.271       10.74600    
   6571.353       10.69900    
   6573.434       10.66900    
   6575.515       10.65800    
   6577.596       10.66000    
   6579.678       10.65900    
   6581.759       10.65000    
   6583.840       10.64100    
   6585.922       10.63100    
   6588.003       10.61400    
   6590.084       10.60400    
   6592.166       10.59900    
   6594.247       10.59600    
   6596.329       10.59000    
   6598.410       10.58200    
   6600.491       10.57900    
   6602.573       10.58000    
   6604.654       10.58400    
   6606.735       10.57900    
   6608.816       10.57300    
   6610.898       10.57000    
   6612.979       10.57400    
   6615.061       10.57600    
   6617.142       10.57400    
   6619.224       10.56900    
   6621.305       10.56300    
   6623.386       10.55100    
   6625.468       10.54800    
   6627.549       10.55300    
   6629.630       10.56300    
   6631.712       10.56500    
   6633.793       10.56300    
   6635.875       10.56100    
   6637.956       10.55800    
   6640.037       10.55900    
   6642.118       10.55800    
   6644.200       10.55000    
   6646.281       10.53900    
   6648.362       10.54000    
   6650.444       10.54700    
   6652.525       10.55400    
   6654.606       10.55600    
   6656.688       10.55300    
   6658.770       10.55600    
   6660.851       10.56400    
   6662.932       10.57200    
   6665.014       10.57500    
   6667.095       10.57800    
   6669.176       10.58500    
   6671.258       10.59500    
   6673.339       10.59900    
   6675.420       10.60400    
   6677.502       10.61500    
   6679.583       10.62900    
   6681.664       10.63900    
   6683.746       10.63100    
   6685.827       10.61600    
   6687.908       10.59800    
   6689.990       10.58100    
   6692.071       10.56400    
   6694.152       10.54800    
   6696.234       10.53800    
   6698.315       10.53600    
   6700.396       10.54600    
   6702.478       10.55500    
   6704.560       10.56100    
   6706.641       10.56100    
   6708.722       10.55600    
   6710.804       10.55100    
   6712.885       10.54600    
   6714.966       10.54100    
   6717.048       10.54300    
   6719.129       10.55200    
   6721.210       10.56200    
   6723.292       10.57000    
   6725.373       10.57000    
   6727.454       10.56600    
   6729.536       10.56200    
   6731.617       10.55800    
   6733.698       10.55300    
   6735.780       10.55100    
   6737.861       10.55300    
   6739.942       10.55800    
   6742.024       10.55300    
   6744.105       10.54700    
   6746.187       10.54300    
   6748.268       10.54400    
   6750.350       10.54800    
   6752.431       10.54800    
   6754.512       10.54800    
   6756.594       10.54900    
   6758.675       10.55200    
   6760.756       10.55700    
   6762.838       10.56300    
   6764.919       10.56800    
   6767.000       10.56300    
   6769.082       10.55600    
   6771.163       10.55500    
   6773.244       10.56100    
   6775.326       10.57200    
   6777.407       10.57600    
   6779.488       10.57100    
   6781.570       10.56300    
   6783.651       10.55500    
   6785.732       10.55400    
   6787.814       10.55200    
   6789.896       10.54500    
   6791.977       10.53000    
   6794.058       10.52200    
   6796.140       10.52900    
   6798.221       10.54300    
   6800.302       10.55900    
   6802.383       10.56900    
   6804.465       10.57000    
   6806.546       10.56300    
   6808.627       10.55100    
   6810.709       10.54000    
   6812.790       10.53800    
   6814.872       10.53600    
   6816.953       10.53100    
   6819.034       10.52000    
   6821.116       10.51000    
   6823.197       10.51100    
   6825.278       10.52400    
   6827.360       10.55100    
   6829.441       10.57600    
   6831.522       10.58700    
   6833.604       10.58300    
   6835.686       10.56700    
   6837.767       10.55400    
   6839.848       10.54900    
   6841.929       10.55000    
   6844.011       10.55500    
   6846.092       10.55700    
   6848.173       10.55100    
   6850.255       10.54300    
   6852.336       10.54400    
   6854.417       10.56700    
   6856.499       10.58500    
   6858.580       10.59800    
   6860.662       10.60700    
   6862.743       10.63700    
   6864.824       10.68100    
   6866.906       10.72900    
   6868.987       10.77000    
   6871.068       10.77700    
   6873.149       10.76300    
   6875.231       10.73700    
   6877.313       10.70500    
   6879.394       10.67600    
   6881.475       10.66000    
   6883.557       10.65400    
   6885.638       10.65600    
   6887.719       10.65400    
   6889.801       10.64500    
   6891.882       10.63600    
   6893.963       10.63300    
   6896.045       10.63400    
   6898.126       10.63500    
   6900.208       10.63800    
   6902.289       10.64100    
   6904.370       10.64000    
   6906.451       10.63900    
   6908.533       10.63700    
   6910.614       10.63100    
   6912.695       10.61400    
   6914.777       10.58800    
   6916.858       10.56400    
   6918.939       10.54500    
   6921.021       10.53800    
   6923.103       10.54200    
   6925.184       10.55300    
   6927.265       10.56900    
   6929.347       10.58500    
   6931.428       10.59100    
   6933.509       10.59000    
   6935.591       10.58300    
   6937.672       10.57200    
   6939.753       10.56500    
   6941.835       10.56300    
   6943.916       10.56500    
   6945.997       10.57100    
   6948.079       10.58000    
   6950.160       10.57700    
   6952.241       10.56700    
   6954.323       10.55700    
   6956.404       10.55000    
   6958.485       10.54000    
   6960.567       10.52900    
   6962.648       10.51600    
   6964.729       10.50600    
   6966.811       10.50400    
   6968.893       10.51100    
   6970.974       10.52400    
   6973.055       10.53100    
   6975.137       10.52600    
   6977.218       10.51800    
   6979.299       10.51400    
   6981.381       10.52300    
   6983.462       10.54000    
   6985.543       10.55200    
   6987.625       10.55500    
   6989.706       10.54500    
   6991.787       10.53600    
   6993.869       10.52900    
   6995.950       10.52300    
   6998.031       10.51900    
   7000.113       10.51700    
   7002.194       10.51400    
   7004.275       10.51100    
   7006.357       10.51200    
   7008.438       10.52800    
   7010.520       10.53800    
   7012.601       10.53800    
   7014.683       10.52900    
   7016.764       10.53300    
   7018.845       10.53900    
   7020.927       10.54400    
   7023.008       10.54600    
   7025.089       10.55100    
   7027.171       10.55900    
   7029.252       10.56600    
   7031.333       10.56800    
   7033.415       10.55300    
   7035.496       10.53500    
   7037.577       10.52100    
   7039.659       10.52000    
   7041.740       10.53700    
   7043.821       10.54200    
   7045.903       10.54100    
   7047.984       10.53500    
   7050.065       10.53900    
   7052.147       10.54000    
   7054.229       10.54100    
   7056.310       10.54400    
   7058.391       10.55100    
   7060.473       10.56000    
   7062.554       10.57100    
   7064.635       10.58300    
   7066.716       10.59000    
   7068.798       10.59000    
   7070.879       10.58000    
   7072.960       10.55900    
   7075.042       10.53800    
   7077.123       10.53600    
   7079.205       10.53900    
   7081.286       10.54000    
   7083.367       10.53200    
   7085.449       10.52600    
   7087.530       10.52100    
   7089.611       10.51700    
   7091.693       10.51400    
   7093.774       10.51200    
   7095.855       10.50600    
   7097.937       10.50000    
   7100.019       10.50600    
   7102.100       10.51600    
   7104.181       10.52200    
   7106.262       10.52600    
   7108.344       10.52700    
   7110.425       10.51700    
   7112.506       10.51200    
   7114.588       10.51200    
   7116.669       10.52200    
   7118.750       10.53500    
   7120.832       10.53700    
   7122.913       10.53300    
   7124.995       10.52800    
   7127.076       10.52500    
   7129.157       10.52700    
   7131.239       10.53400    
   7133.320       10.54400    
   7135.401       10.54500    
   7137.482       10.54400    
   7139.564       10.54000    
   7141.646       10.53600    
   7143.727       10.54000    
   7145.808       10.54200    
   7147.890       10.54600    
   7149.971       10.55100    
   7152.052       10.55400    
   7154.134       10.54900    
   7156.215       10.54100    
   7158.296       10.53600    
   7160.378       10.54500    
   7162.459       10.55800    
   7164.541       10.56900    
   7166.622       10.57800    
   7168.703       10.58800    
   7170.784       10.59400    
   7172.866       10.60000    
   7174.947       10.60900    
   7177.028       10.62500    
   7179.110       10.63600    
   7181.191       10.64400    
   7183.272       10.64900    
   7185.354       10.65500    
   7187.436       10.64600    
   7189.517       10.63800    
   7191.598       10.63600    
   7193.680       10.64400    
   7195.761       10.65200    
   7197.842       10.65300    
   7199.924       10.65300    
   7202.005       10.65700    
   7204.086       10.65000    
   7206.168       10.63200    
   7208.249       10.61500    
   7210.330       10.61000    
   7212.412       10.60800    
   7214.493       10.60300    
   7216.574       10.59500    
   7218.656       10.58800    
   7220.737       10.59100    
   7222.818       10.59100    
   7224.900       10.58800    
   7226.981       10.58200    
   7229.063       10.58400    
   7231.144       10.58500    
   7233.226       10.59200    
   7235.307       10.60600    
   7237.388       10.62300    
   7239.470       10.62900    
   7241.551       10.63100    
   7243.632       10.63200    
   7245.714       10.62700    
   7247.795       10.61600    
   7249.876       10.60800    
   7251.958       10.60600    
   7254.039       10.61600    
   7256.120       10.63100    
   7258.202       10.64300    
   7260.283       10.65000    
   7262.364       10.64900    
   7264.446       10.63600    
   7266.527       10.61600    
   7268.608       10.59500    
   7270.689       10.58100    
   7272.771       10.58100    
   7274.853       10.58500    
   7276.934       10.59400    
   7279.016       10.61100    
   7281.097       10.61900    
   7283.178       10.62300    
   7285.260       10.62400    
   7287.341       10.62000    
   7289.422       10.60800    
   7291.504       10.59900    
   7293.585       10.59400    
   7295.666       10.59200    
   7297.748       10.58900    
   7299.829       10.59000    
   7301.910       10.59300    
   7303.992       10.59500    
   7306.073       10.59900    
   7308.154       10.60100    
   7310.235       10.59900    
   7312.317       10.59400    
   7314.398       10.59200    
   7316.479       10.58700    
   7318.562       10.58100    
   7320.643       10.57500    
   7322.724       10.57400    
   7324.806       10.57500    
   7326.887       10.57900    
   7328.968       10.58300    
   7331.050       10.58300    
   7333.131       10.57700    
   7335.212       10.57000    
   7337.294       10.56600    
   7339.375       10.56900    
   7341.456       10.57100    
   7343.538       10.57000    
   7345.619       10.56700    
   7347.700       10.56600    
   7349.781       10.56800    
   7351.863       10.57100    
   7353.944       10.57300    
   7356.025       10.57400    
   7358.107       10.57800    
   7360.188       10.57800    
   7362.270       10.57400    
   7364.352       10.57000    
   7366.433       10.56900    
   7368.514       10.57100    
   7370.596       10.57500    
   7372.677       10.58400    
   7374.758       10.58000    
   7376.840       10.57700    
   7378.921       10.57700    
   7381.002       10.58100    
   7383.083       10.57100    
   7385.165       10.56400    
   7387.246       10.56200    
   7389.327       10.56500    
   7391.409       10.56300    
   7393.490       10.55700    
   7395.571       10.55400    
   7397.653       10.55500    
   7399.734       10.56000    
   7401.815       10.56100    
   7403.897       10.55700    
   7405.979       10.54800    
   7408.060       10.53100    
   7410.142       10.53000    
   7412.223       10.53700    
   7414.304       10.54800    
   7416.386       10.55300    
   7418.467       10.54900    
   7420.548       10.53900    
   7422.629       10.52800    
   7424.711       10.52600    
   7426.792       10.53300    
   7428.873       10.54000    
   7430.955       10.54600    
   7433.036       10.55200    
   7435.117       10.55700    
   7437.199       10.56300    
   7439.280       10.57400    
   7441.361       10.59200    
   7443.443       10.60600    
   7445.524       10.59900    
   7447.605       10.58100    
   7449.688       10.56700    
   7451.769       10.57500    
   7453.850       10.58300    
   7455.932       10.58400    
   7458.013       10.57200    
   7460.094       10.55800    
   7462.175       10.54900    
   7464.257       10.54700    
   7466.338       10.55200    
   7468.419       10.56400    
   7470.501       10.57800    
   7472.582       10.58800    
   7474.663       10.59200    
   7476.745       10.58000    
   7478.826       10.56000    
   7480.907       10.53800    
   7482.989       10.52000    
   7485.070       10.51800    
   7487.151       10.53400    
   7489.233       10.55400    
   7491.314       10.57200    
   7493.396       10.57700    
   7495.477       10.57600    
   7497.559       10.57200    
   7499.640       10.56800    
   7501.721       10.56900    
   7503.803       10.56700    
   7505.884       10.55900    
   7507.965       10.54900    
   7510.047       10.54400    
   7512.128       10.55200    
   7514.209       10.56000    
   7516.291       10.56400    
   7518.372       10.56000    
   7520.453       10.55700    
   7522.535       10.56000    
   7524.616       10.56700    
   7526.697       10.57500    
   7528.779       10.56700    
   7530.860       10.55800    
   7532.941       10.55300    
   7535.022       10.56000    
   7537.104       10.58000    
   7539.186       10.59100    
   7541.267       10.59500    
   7543.349       10.59400    
   7545.430       10.59900    
   7547.511       10.61100    
   7549.593       10.62300    
   7551.674       10.63100    
   7553.755       10.61400    
   7555.837       10.60500    
   7557.918       10.59800    
   7559.999       10.59000    
   7562.081       10.56900    
   7564.162       10.56200    
   7566.243       10.56600    
   7568.325       10.57900    
   7570.406       10.58600    
   7572.487       10.58600    
   7574.568       10.58300    
   7576.650       10.58300    
   7578.731       10.59100    
   7580.813       10.60300    
   7582.895       10.61900    
   7584.976       10.64500    
   7587.057       10.69200    
   7589.139       10.76100    
   7591.220       10.85500    
   7593.301       10.97400    
   7595.383       11.12400    
   7597.464       11.29300    
   7599.545       11.45900    
   7601.627       11.61200    
   7603.708       11.73400    
   7605.789       11.75600    
   7607.871       11.70700    
   7609.952       11.60400    
   7612.033       11.46900    
   7614.114       11.35400    
   7616.196       11.27200    
   7618.277       11.22800    
   7620.358       11.22600    
   7622.440       11.26400    
   7624.521       11.30300    
   7626.603       11.33100    
   7628.685       11.33700    
   7630.766       11.30900    
   7632.847       11.28400    
   7634.929       11.26400    
   7637.010       11.24800    
   7639.091       11.21600    
   7641.173       11.17900    
   7643.254       11.14400    
   7645.335       11.11500    
   7647.416       11.08000    
   7649.498       11.03900    
   7651.579       10.99600    
   7653.660       10.95200    
   7655.742       10.90100    
   7657.823       10.86300    
   7659.904       10.83000    
   7661.986       10.80100    
   7664.067       10.76800    
   7666.148       10.74700    
   7668.230       10.73800    
   7670.312       10.73900    
   7672.393       10.74000    
   7674.475       10.73000    
   7676.556       10.71700    
   7678.637       10.70500    
   7680.719       10.69900    
   7682.800       10.69300    
   7684.881       10.68600    
   7686.962       10.67500    
   7689.044       10.65400    
   7691.125       10.63400    
   7693.206       10.63500    
   7695.288       10.64900    
   7697.369       10.66500    
   7699.450       10.68000    
   7701.532       10.68700    
   7703.613       10.68200    
   7705.694       10.66200    
   7707.776       10.64400    
   7709.857       10.64200    
   7711.938       10.65100    
   7714.021       10.66900    
   7716.102       10.67100    
   7718.183       10.65200    
   7720.265       10.62600    
   7722.346       10.60700    
   7724.427       10.60500    
   7726.508       10.61000    
   7728.590       10.61800    
   7730.671       10.62900    
   7732.752       10.64600    
   7734.834       10.66200    
   7736.915       10.66700    
   7738.996       10.65800    
   7741.078       10.64800    
   7743.159       10.64100    
   7745.240       10.62500    
   7747.322       10.60100    
   7749.403       10.58400    
   7751.484       10.58900    
   7753.566       10.60200    
   7755.647       10.61500    
   7757.729       10.61600    
   7759.810       10.61100    
   7761.892       10.59600    
   7763.973       10.57600    
   7766.054       10.56500    
   7768.136       10.57900    
   7770.217       10.59200    
   7772.298       10.60300    
   7774.380       10.60900    
   7776.461       10.63000    
   7778.542       10.64400    
   7780.624       10.64700    
   7782.705       10.63400    
   7784.786       10.61500    
   7786.868       10.59900    
   7788.949       10.58700    
   7791.030       10.58100    
   7793.112       10.57800    
   7795.193       10.58500    
   7797.274       10.59900    
   7799.355       10.61800    
   7801.438       10.60300    
   7803.519       10.58800    
   7805.600       10.58100    
   7807.682       10.58600    
   7809.763       10.59200    
   7811.844       10.58800    
   7813.926       10.58600    
   7816.007       10.59200    
   7818.088       10.60900    
   7820.170       10.61900    
   7822.251       10.62100    
   7824.332       10.61500    
   7826.414       10.60500    
   7828.495       10.60300    
   7830.576       10.60800    
   7832.658       10.62000    
   7834.739       10.63100    
   7836.820       10.62600    
   7838.901       10.61300    
   7840.983       10.59800    
   7843.064       10.59700    
   7845.146       10.59000    
   7847.228       10.58400    
   7849.309       10.57900    
   7851.390       10.57100    
   7853.472       10.55800    
   7855.553       10.56100    
   7857.634       10.57300    
   7859.716       10.58300    
   7861.797       10.58500    
   7863.878       10.58500    
   7865.960       10.58400    
   7868.041       10.58200    
   7870.122       10.58900    
   7872.204       10.60500    
   7874.285       10.62500    
   7876.366       10.64200    
   7878.447       10.63800    
   7880.529       10.62500    
   7882.610       10.61100    
   7884.691       10.60000    
   7886.773       10.60700    
   7888.854       10.61900    
   7890.936       10.63100    
   7893.018       10.64100    
   7895.099       10.63900    
   7897.180       10.62800    
   7899.262       10.62400    
   7901.343       10.63300    
   7903.424       10.66600    
   7905.506       10.67000    
   7907.587       10.65500    
   7909.668       10.63300    
   7911.749       10.64400    
   7913.831       10.65600    
   7915.912       10.65300    
   7917.993       10.63300    
   7920.075       10.60600    
   7922.156       10.60000    
   7924.237       10.60800    
   7926.319       10.62500    
   7928.400       10.63700    
   7930.481       10.65000    
   7932.563       10.66000    
   7934.645       10.66600    
   7936.726       10.66600    
   7938.808       10.67200    
   7940.889       10.67900    
   7942.970       10.68000    
   7945.052       10.66500    
   7947.133       10.64500    
   7949.214       10.62600    
   7951.295       10.61300    
   7953.377       10.60800    
   7955.458       10.59800    
   7957.539       10.58600    
   7959.621       10.57300    
   7961.702       10.56500    
   7963.783       10.57900    
   7965.865       10.59600    
   7967.946       10.61000    
   7970.027       10.61600    
   7972.109       10.61900    
   7974.190       10.62700    
   7976.271       10.63300    
   7978.354       10.63600    
   7980.435       10.64900    
   7982.516       10.66100    
   7984.598       10.66200    
   7986.679       10.65100    
   7988.760       10.63700    
   7990.841       10.61900    
   7992.923       10.61100    
   7995.004       10.61400    
   7997.085       10.61600    
   7999.167       10.62100    
   8001.248       10.63700    
   8003.329       10.65900    
   8005.411       10.66200    
   8007.492       10.67200    
   8009.573       10.68500    
   8011.655       10.69500    
   8013.736       10.68600    
   8015.817       10.66900    
   8017.899       10.64800    
   8019.980       10.62400    
   8022.062       10.59700    
   8024.143       10.58300    
   8026.225       10.58600    
   8028.306       10.60200    
   8030.387       10.62800    
   8032.469       10.64000    
   8034.550       10.64400    
   8036.631       10.64400    
   8038.713       10.64300    
   8040.794       10.63400    
   8042.875       10.62900    
   8044.957       10.63300    
   8047.038       10.64800    
   8049.119       10.67300    
   8051.201       10.68300    
   8053.282       10.67900    
   8055.363       10.66100    
   8057.445       10.66300    
   8059.526       10.65900    
   8061.607       10.64800    
   8063.688       10.63400    
   8065.771       10.64900    
   8067.852       10.63800    
   8069.933       10.61500    
   8072.015       10.58800    
   8074.096       10.58600    
   8076.177       10.61500    
   8078.259       10.64900    
   8080.340       10.67600    
   8082.421       10.68200    
   8084.503       10.67700    
   8086.584       10.67000    
   8088.665       10.66300    
   8090.747       10.64700    
   8092.828       10.62600    
   8094.909       10.60100    
   8096.991       10.58200    
   8099.072       10.59200    
   8101.153       10.63800    
   8103.234       10.66400    
   8105.316       10.66900    
   8107.397       10.66500    
   8109.479       10.68700    
   8111.561       10.70400    
   8113.642       10.71600    
   8115.723       10.72900    
   8117.805       10.73000    
   8119.886       10.72500    
   8121.967       10.71300    
   8124.049       10.69000    
   8126.130       10.66700    
   8128.211       10.67300    
   8130.293       10.69700    
   8132.374       10.72600    
   8134.455       10.71100    
   8136.536       10.69800    
   8138.618       10.69200    
   8140.699       10.69800    
   8142.780       10.70200    
   8144.862       10.70000    
   8146.943       10.70100    
   8149.024       10.71000    
   8151.106       10.74000    
   8153.188       10.76300    
   8155.269       10.77200    
   8157.351       10.76700    
   8159.432       10.76400    
   8161.513       10.74800    
   8163.595       10.72300    
   8165.676       10.70000    
   8167.757       10.71200    
   8169.839       10.74000    
   8171.920       10.75500    
   8174.001       10.76100    
   8176.082       10.77900    
   8178.164       10.79600    
   8180.245       10.80100    
   8182.326       10.80000    
   8184.408       10.80700    
   8186.489       10.80800    
   8188.570       10.80700    
   8190.652       10.80400    
   8192.733       10.79500    
   8194.814       10.78300    
   8196.896       10.77300    
   8198.978       10.76300    
   8201.059       10.74600    
   8203.141       10.72900    
   8205.222       10.72100    
   8207.303       10.71200    
   8209.385       10.69500    
   8211.466       10.67900    
   8213.547       10.69600    
   8215.628       10.73600    
   8217.710       10.78700    
   8219.791       10.79900    
   8221.872       10.78700    
   8223.954       10.77000    
   8226.035       10.76200    
   8228.116       10.77400    
   8230.198       10.80200    
   8232.279       10.81900    
   8234.360       10.81500    
   8236.442       10.80000    
   8238.523       10.79500    
   8240.604       10.78400    
   8242.687       10.76200    
   8244.768       10.75100    
   8246.849       10.74600    
   8248.931       10.73800    
   8251.012       10.72900    
   8253.093       10.73800    
   8255.174       10.75100    
   8257.256       10.76000    
   8259.337       10.76800    
   8261.418       10.78400    
   8263.500       10.81600    
   8265.581       10.83300    
   8267.662       10.83800    
   8269.744       10.85100    
   8271.825       10.86900    
   8273.906       10.88000    
   8275.988       10.88200    
   8278.069       10.87400    
   8280.150       10.83200    
   8282.232       10.80000    
   8284.313       10.78800    
   8286.395       10.80400    
   8288.476       10.82600    
   8290.558       10.82800    
   8292.639       10.82200    
   8294.720       10.82100    
   8296.802       10.83000    
   8298.883       10.83800    
   8300.964       10.84200    
   8303.046       10.84000    
   8305.127       10.84200    
   8307.208       10.83000    
   8309.290       10.81300    
   8311.371       10.79900    
   8313.452       10.80000    
   8315.534       10.80900    
   8317.615       10.82000    
   8319.696       10.82700    
   8321.778       10.82000    
   8323.859       10.81200    
   8325.940       10.81000    
   8328.021       10.81300    
   8330.104       10.79500    
   8332.185       10.76700    
   8334.266       10.74000    
   8336.348       10.71700    
   8338.429       10.69200    
   8340.510       10.68100    
   8342.592       10.69400    
   8344.673       10.72500    
   8346.754       10.75300    
   8348.836       10.74000    
   8350.917       10.72800    
   8352.998       10.72800    
   8355.080       10.75100    
   8357.161       10.72500    
   8359.242       10.68700    
   8361.324       10.64700    
   8363.405       10.61300    
   8365.486       10.66000    
   8367.567       10.69600    
   8369.649       10.71400    
   8371.730       10.71000    
   8373.812       10.70500    
   8375.894       10.69400    
   8377.975       10.67900    
   8380.056       10.66300    
   8382.138       10.64600    
