          29
   3200.00        11.98
   3250.00        11.92
   3300.00        11.80
   3350.00        11.78
   3400.00        11.73
   3450.00        11.71
   3500.00        11.66
   3571.00        11.63
   3636.00        11.59
   3704.00        11.55
   3862.00        11.31
   4036.00        11.24
   4167.00        11.16
   4255.00        11.13
   4464.00        11.03
   4566.00        10.95
   4785.00        10.87
   5000.00        10.73
   5263.00        10.53
   5556.00        10.35
   5840.00        10.28
   6056.00        10.22
   6436.00        10.13
   6790.00        10.01
   7100.00         9.93
   7550.00         9.86
   7780.00         9.81
   8090.00         9.74
   8370.00         9.72
