          29
   3200.00        12.14
   3250.00        12.14
   3300.00        12.00
   3350.00        11.97
   3400.00        11.91
   3450.00        11.89
   3500.00        11.85
   3571.00        11.80
   3636.00        11.75
   3704.00        11.69
   3862.00        10.88
   4036.00        10.42
   4167.00        10.39
   4255.00        10.38
   4464.00        10.34
   4566.00        10.36
   4785.00        10.33
   5000.00        10.34
   5263.00        10.33
   5556.00        10.31
   5840.00        10.31
   6056.00        10.33
   6436.00        10.35
   6790.00        10.34
   7100.00        10.35
   7550.00        10.40
   7780.00        10.40
   8090.00        10.42
   8370.00        10.45
