         175
   3210.000       14.70000    
   3230.000       14.42000    
   3250.000       14.40000    
   3270.000       14.35000    
   3290.000       14.57000    
   3310.000       14.49000    
   3330.000       14.42000    
   3350.000       14.42000    
   3370.000       14.53000    
   3390.000       14.40000    
   3410.000       14.43000    
   3430.000       14.52000    
   3450.000       14.41000    
   3470.000       14.45000    
   3490.000       14.45000    
   3510.000       14.41000    
   3530.000       14.44000    
   3550.000       14.43000    
   3570.000       14.45000    
   3590.000       14.46000    
   3610.000       14.48000    
   3630.000       14.48000    
   3650.000       14.49000    
   3670.000       14.43000    
   3690.000       14.50000    
   3710.000       14.49000    
   3730.000       14.48000    
   3750.000       14.43000    
   3770.000       14.51000    
   3790.000       14.55000    
   3810.000       14.61000    
   3830.000       14.59000    
   3850.000       14.57000    
   3870.000       14.58000    
   3890.000       14.66000    
   3910.000       14.51000    
   3930.000       14.44000    
   3950.000       14.45000    
   3970.000       14.42000    
   3990.000       14.45000    
   4010.000       14.57000    
   4030.000       14.54000    
   4050.000       14.44000    
   4070.000       14.39000    
   4090.000       14.41000    
   4110.000       14.47000    
   4130.000       14.50000    
   4150.000       14.49000    
   4170.000       14.54000    
   4190.000       14.48000    
   4210.000       14.50000    
   4230.000       14.48000    
   4250.000       14.49000    
   4270.000       14.50000    
   4290.000       14.49000    
   4310.000       14.53000    
   4330.000       14.53000    
   4350.000       14.51000    
   4370.000       14.51000    
   4390.000       14.52000    
   4410.000       14.54000    
   4430.000       14.54000    
   4450.000       14.62000    
   4470.000       14.74000    
   4490.000       14.58000    
   4510.000       14.54000    
   4530.000       14.54000    
   4550.000       14.54000    
   4570.000       14.53000    
   4590.000       14.53000    
   4610.000       14.53000    
   4630.000       14.54000    
   4650.000       14.55000    
   4670.000       14.57000    
   4690.000       14.52000    
   4710.000       14.59000    
   4730.000       14.54000    
   4750.000       14.54000    
   4770.000       14.57000    
   4790.000       14.49000    
   4810.000       14.54000    
   4830.000       14.55000    
   4850.000       14.57000    
   4870.000       14.57000    
   4890.000       14.59000    
   4910.000       14.65000    
   4930.000       14.63000    
   4950.000       14.62000    
   4970.000       14.61000    
   4990.000       14.63000    
   5010.000       14.70000    
   5030.000       14.68000    
   5050.000       14.64000    
   5070.000       14.67000    
   5090.000       14.61000    
   5110.000       14.69000    
   5130.000       14.66000    
   5150.000       14.61000    
   5170.000       14.67000    
   5190.000       14.61000    
   5210.000       14.64000    
   5230.000       14.62000    
   5250.000       14.63000    
   5270.000       14.64000    
   5290.000       14.65000    
   5310.000       14.65000    
   5330.000       14.65000    
   5350.000       14.67000    
   5370.000       14.67000    
   5390.000       14.68000    
   5410.000       14.68000    
   5430.000       14.64000    
   5450.000       14.69000    
   5470.000       14.75000    
   5490.000       14.74000    
   5510.000       14.71000    
   5530.000       14.69000    
   5550.000       14.70000    
   5570.000       14.70000    
   5590.000       14.72000    
   5610.000       14.69000    
   5630.000       14.75000    
   5650.000       14.73000    
   5670.000       14.75000    
   5690.000       14.65000    
   5700.000       14.78000    
   5740.000       14.75000    
   5780.000       14.79000    
   5820.000       14.78000    
   5860.000       14.92000    
   5900.000       14.83000    
   5940.000       14.80000    
   5980.000       14.80000    
   6020.000       14.83000    
   6060.000       14.80000    
   6100.000       14.82000    
   6140.000       14.82000    
   6180.000       14.83000    
   6220.000       14.82000    
   6260.000       14.80000    
   6300.000       14.84000    
   6340.000       14.84000    
   6380.000       14.83000    
   6420.000       14.86000    
   6460.000       14.86000    
   6500.000       14.86000    
   6540.000       14.86000    
   6580.000       14.87000    
   6620.000       14.92000    
   6660.000       14.97000    
   6700.000       14.94000    
   6840.000       14.96000    
   7000.000       15.03000    
   7100.000       14.99000    
   7140.000       15.00000    
   7160.000       15.01000    
   7180.000       14.98000    
   7220.000       15.04000    
   7320.000       15.06000    
   7480.000       15.07000    
   7640.000       15.14000    
   7800.000       15.11000    
   7960.000       15.15000    
   8120.000       15.17000    
   8280.000       15.19000    
   8440.000       15.21000    
   8600.000       15.19000    
   8760.000       15.27000    
   8920.000       15.17000    
   9080.000       15.31000    
   9240.000       15.29000    
   9400.000       15.50000    
   9560.000       15.27000    
   9720.000       15.44000    
   9880.000       15.39000    
