         166
   3210.000       13.40000    
   3230.000       13.42000    
   3250.000       13.55000    
   3270.000       13.37000    
   3290.000       13.49000    
   3310.000       13.42000    
   3330.000       13.48000    
   3350.000       13.41000    
   3370.000       13.38000    
   3390.000       13.32000    
   3410.000       13.48000    
   3430.000       13.47000    
   3450.000       13.42000    
   3470.000       13.34000    
   3490.000       13.42000    
   3510.000       13.39000    
   3530.000       13.36000    
   3550.000       13.41000    
   3570.000       13.51000    
   3590.000       13.44000    
   3610.000       13.45000    
   3630.000       13.40000    
   3650.000       13.46000    
   3670.000       13.46000    
   3690.000       13.45000    
   3710.000       13.44000    
   3730.000       13.53000    
   3750.000       13.51000    
   3770.000       13.50000    
   3790.000       13.55000    
   3810.000       13.57000    
   3830.000       13.63000    
   3850.000       13.46000    
   3870.000       13.49000    
   3890.000       13.77000    
   3910.000       13.34000    
   3930.000       13.22000    
   3950.000       13.36000    
   3970.000       13.58000    
   3990.000       13.24000    
   4010.000       13.02000    
   4030.000       12.98000    
   4050.000       13.13000    
   4070.000       13.25000    
   4090.000       13.60000    
   4110.000       13.43000    
   4130.000       13.19000    
   4150.000       13.03000    
   4170.000       12.94000    
   4190.000       12.90000    
   4210.000       12.98000    
   4230.000       12.93000    
   4250.000       12.97000    
   4270.000       13.03000    
   4290.000       13.13000    
   4310.000       13.34000    
   4330.000       13.66000    
   4350.000       13.48000    
   4370.000       13.31000    
   4390.000       13.11000    
   4410.000       13.03000    
   4430.000       12.96000    
   4450.000       12.96000    
   4470.000       12.94000    
   4490.000       12.94000    
   4510.000       12.91000    
   4530.000       12.98000    
   4550.000       12.95000    
   4570.000       12.94000    
   4590.000       12.96000    
   4610.000       12.97000    
   4630.000       12.97000    
   4650.000       12.97000    
   4670.000       12.98000    
   4690.000       13.01000    
   4710.000       13.01000    
   4730.000       12.99000    
   4750.000       13.02000    
   4770.000       13.08000    
   4790.000       13.14000    
   4810.000       13.21000    
   4830.000       13.36000    
   4850.000       13.72000    
   4870.000       13.54000    
   4890.000       13.34000    
   4910.000       13.23000    
   4930.000       13.15000    
   4950.000       13.14000    
   4970.000       13.09000    
   4990.000       13.09000    
   5010.000       13.16000    
   5030.000       13.15000    
   5050.000       13.14000    
   5070.000       13.08000    
   5090.000       13.09000    
   5110.000       13.13000    
   5130.000       13.04000    
   5150.000       13.07000    
   5170.000       13.12000    
   5190.000       13.13000    
   5210.000       13.10000    
   5230.000       13.10000    
   5250.000       13.12000    
   5270.000       13.15000    
   5290.000       13.12000    
   5310.000       13.15000    
   5330.000       13.16000    
   5350.000       13.16000    
   5370.000       13.20000    
   5390.000       13.21000    
   5410.000       13.16000    
   5430.000       13.24000    
   5450.000       13.22000    
   5470.000       13.24000    
   5490.000       13.25000    
   5510.000       13.24000    
   5530.000       13.22000    
   5550.000       13.22000    
   5570.000       13.21000    
   5590.000       13.19000    
   5610.000       13.19000    
   5630.000       13.24000    
   5650.000       13.23000    
   5670.000       13.25000    
   5690.000       13.25000    
   5700.000       13.25000    
   5740.000       13.26000    
   5780.000       13.27000    
   5820.000       13.27000    
   5860.000       13.33000    
   5900.000       13.30000    
   5940.000       13.32000    
   5980.000       13.34000    
   6020.000       13.35000    
   6060.000       13.36000    
   6100.000       13.37000    
   6140.000       13.38000    
   6180.000       13.40000    
   6220.000       13.38000    
   6260.000       13.41000    
   6300.000       13.44000    
   6340.000       13.45000    
   6380.000       13.46000    
   6420.000       13.46000    
   6460.000       13.51000    
   6500.000       13.61000    
   6540.000       13.86000    
   6580.000       13.89000    
   6620.000       13.61000    
   6660.000       13.54000    
   6700.000       13.71000    
   7060.000       13.63000    
   7100.000       13.63000    
   7140.000       13.59000    
   7180.000       13.63000    
   7220.000       13.61000    
   7320.000       13.70000    
   7480.000       13.73000    
   7640.000       13.83000    
   7800.000       13.79000    
   7960.000       13.80000    
   8120.000       13.86000    
   8280.000       13.84000    
   8440.000       13.87000    
   8600.000       13.98000    
   8760.000       13.91000    
