        2434
   3125.971       11.57000    
   3128.054       11.55000    
   3130.136       11.56400    
   3132.218       11.58100    
   3134.301       11.57500    
   3136.383       11.55400    
   3138.465       11.52200    
   3140.547       11.51000    
   3142.630       11.52400    
   3144.712       11.52000    
   3146.794       11.47400    
   3148.876       11.45000    
   3150.959       11.45400    
   3153.041       11.44400    
   3155.123       11.43300    
   3157.206       11.43100    
   3159.288       11.42700    
   3161.370       11.39800    
   3163.452       11.35200    
   3165.535       11.32700    
   3167.617       11.33000    
   3169.699       11.36600    
   3171.781       11.41400    
   3173.864       11.43000    
   3175.946       11.44000    
   3178.028       11.45600    
   3180.111       11.45400    
   3182.193       11.44000    
   3184.275       11.41800    
   3186.357       11.38800    
   3188.439       11.34200    
   3190.522       11.33000    
   3192.604       11.33000    
   3194.686       11.33600    
   3196.769       11.34800    
   3198.851       11.36100    
   3200.933       11.35400    
   3203.015       11.34000    
   3205.098       11.34200    
   3207.180       11.37500    
   3209.262       11.39300    
   3211.344       11.39100    
   3213.427       11.36600    
   3215.509       11.37300    
   3217.591       11.40800    
   3219.674       11.43000    
   3221.756       11.41900    
   3223.838       11.37600    
   3225.920       11.37000    
   3228.003       11.38200    
   3230.085       11.38600    
   3232.167       11.31800    
   3234.250       11.33000    
   3236.332       11.34900    
   3238.414       11.35700    
   3240.496       11.33900    
   3242.579       11.34300    
   3244.661       11.36600    
   3246.743       11.38300    
   3248.825       11.36600    
   3250.908       11.39000    
   3252.990       11.40900    
   3255.072       11.41700    
   3257.155       11.41300    
   3259.237       11.43500    
   3261.319       11.44100    
   3263.401       11.42300    
   3265.484       11.39000    
   3267.566       11.39600    
   3269.648       11.40400    
   3271.730       11.40500    
   3273.813       11.40500    
   3275.895       11.42900    
   3277.977       11.45500    
   3280.060       11.44700    
   3282.142       11.41600    
   3284.224       11.38900    
   3286.306       11.36800    
   3288.389       11.36200    
   3290.471       11.36500    
   3292.553       11.37000    
   3294.635       11.36100    
   3296.718       11.36700    
   3298.800       11.36900    
   3300.882       11.35600    
   3302.964       11.33900    
   3305.047       11.33300    
   3307.129       11.33900    
   3309.211       11.35200    
   3311.293       11.36600    
   3313.376       11.33900    
   3315.458       11.32700    
   3317.540       11.34100    
   3319.623       11.37700    
   3321.705       11.40100    
   3323.787       11.38700    
   3325.869       11.35100    
   3327.952       11.31900    
   3330.034       11.36600    
   3332.116       11.39600    
   3334.198       11.39800    
   3336.281       11.37000    
   3338.363       11.38900    
   3340.445       11.39800    
   3342.528       11.39500    
   3344.610       11.38000    
   3346.692       11.36600    
   3348.774       11.33600    
   3350.857       11.29700    
   3352.939       11.27100    
   3355.021       11.31200    
   3357.104       11.34400    
   3359.186       11.34800    
   3361.268       11.33800    
   3363.350       11.34200    
   3365.433       11.36000    
   3367.515       11.36700    
   3369.597       11.36600    
   3371.679       11.35600    
   3373.762       11.33400    
   3375.844       11.32200    
   3377.926       11.31600    
   3380.009       11.31300    
   3382.091       11.33000    
   3384.173       11.34600    
   3386.255       11.35200    
   3388.338       11.35000    
   3390.420       11.35200    
   3392.502       11.37300    
   3394.584       11.37000    
   3396.667       11.34900    
   3398.749       11.35200    
   3400.831       11.37100    
   3402.914       11.36900    
   3404.996       11.34700    
   3407.078       11.31300    
   3409.160       11.31900    
   3411.243       11.32800    
   3413.325       11.34200    
   3415.407       11.35900    
   3417.489       11.32800    
   3419.572       11.31400    
   3421.654       11.31700    
   3423.736       11.33400    
   3425.818       11.33800    
   3427.901       11.34500    
   3429.983       11.36600    
   3432.065       11.39200    
   3434.147       11.37900    
   3436.230       11.37400    
   3438.312       11.38500    
   3440.394       11.40200    
   3442.477       11.40500    
   3444.559       11.41300    
   3446.641       11.43200    
   3448.723       11.45300    
   3450.806       11.46700    
   3452.888       11.39000    
   3454.970       11.36100    
   3457.052       11.36100    
   3459.135       11.37400    
   3461.217       11.39500    
   3463.299       11.43700    
   3465.382       11.47100    
   3467.464       11.47700    
   3469.546       11.44000    
   3471.628       11.41900    
   3473.711       11.43200    
   3475.793       11.46700    
   3477.875       11.46700    
   3479.958       11.46400    
   3482.040       11.46000    
   3484.122       11.44900    
   3486.204       11.41600    
   3488.287       11.42400    
   3490.369       11.42200    
   3492.451       11.40600    
   3494.533       11.37700    
   3496.616       11.38400    
   3498.698       11.40000    
   3500.780       11.40800    
   3502.863       11.39800    
   3504.945       11.39100    
   3507.027       11.42800    
   3509.109       11.45300    
   3511.192       11.44500    
   3513.274       11.40000    
   3515.356       11.39200    
   3517.438       11.39100    
   3519.521       11.38400    
   3521.603       11.35400    
   3523.685       11.32300    
   3525.768       11.32600    
   3527.850       11.35000    
   3529.932       11.37500    
   3532.014       11.39000    
   3534.096       11.40500    
   3536.179       11.41200    
   3538.261       11.40600    
   3540.343       11.39900    
   3542.426       11.40000    
   3544.508       11.40400    
   3546.590       11.40700    
   3548.672       11.38200    
   3550.755       11.38500    
   3552.837       11.38500    
   3554.919       11.37900    
   3557.001       11.39000    
   3559.084       11.41700    
   3561.166       11.43300    
   3563.248       11.43100    
   3565.331       11.40800    
   3567.413       11.37300    
   3569.495       11.37600    
   3571.577       11.39000    
   3573.660       11.38400    
   3575.742       11.36300    
   3577.824       11.37600    
   3579.906       11.40900    
   3581.989       11.44700    
   3584.071       11.45000    
   3586.153       11.42200    
   3588.236       11.40500    
   3590.318       11.40600    
   3592.400       11.38500    
   3594.482       11.37500    
   3596.565       11.38800    
   3598.647       11.41200    
   3600.729       11.41600    
   3602.812       11.43800    
   3604.894       11.45200    
   3606.976       11.45600    
   3609.058       11.45600    
   3611.141       11.46800    
   3613.223       11.47700    
   3615.305       11.47500    
   3617.387       11.45400    
   3619.470       11.41400    
   3621.552       11.41200    
   3623.634       11.42500    
   3625.716       11.44300    
   3627.799       11.47100    
   3629.881       11.47200    
   3631.963       11.45200    
   3634.045       11.42700    
   3636.128       11.44100    
   3638.210       11.43200    
   3640.292       11.43200    
   3642.375       11.44400    
   3644.457       11.46200    
   3646.539       11.46000    
   3648.621       11.47100    
   3650.704       11.47900    
   3652.786       11.46300    
   3654.868       11.44900    
   3656.950       11.43800    
   3659.033       11.44500    
   3661.115       11.47300    
   3663.197       11.45500    
   3665.280       11.41500    
   3667.362       11.39300    
   3669.444       11.40700    
   3671.526       11.43000    
   3673.609       11.48700    
   3675.691       11.49600    
   3677.773       11.45600    
   3679.855       11.42500    
   3681.938       11.43600    
   3684.020       11.45100    
   3686.102       11.46600    
   3688.185       11.48700    
   3690.267       11.44500    
   3692.349       11.43400    
   3694.431       11.44500    
   3696.514       11.46600    
   3698.596       11.46400    
   3700.678       11.46600    
   3702.760       11.45700    
   3704.843       11.43000    
   3706.925       11.41800    
   3709.007       11.42000    
   3711.090       11.42400    
   3713.172       11.42600    
   3715.254       11.44000    
   3717.336       11.43700    
   3719.419       11.44100    
   3721.501       11.45300    
   3723.583       11.47000    
   3725.666       11.47800    
   3727.748       11.48900    
   3729.830       11.49000    
   3731.912       11.46400    
   3733.995       11.45100    
   3736.077       11.45600    
   3738.159       11.46300    
   3740.241       11.45900    
   3742.324       11.45200    
   3744.406       11.46200    
   3746.488       11.47700    
   3748.570       11.48900    
   3750.653       11.48600    
   3752.735       11.49400    
   3754.817       11.49900    
   3756.899       11.49300    
   3758.982       11.47000    
   3761.064       11.45200    
   3763.146       11.46700    
   3765.229       11.50300    
   3767.311       11.52700    
   3769.393       11.48400    
   3771.475       11.46900    
   3773.558       11.46900    
   3775.640       11.46300    
   3777.722       11.45000    
   3779.804       11.45300    
   3781.887       11.45700    
   3783.969       11.45400    
   3786.051       11.46100    
   3788.134       11.45600    
   3790.216       11.45700    
   3792.298       11.47200    
   3794.380       11.50600    
   3796.463       11.50400    
   3798.545       11.49700    
   3800.627       11.30100    
   3802.709       11.33100    
   3804.792       11.42600    
   3806.874       11.50300    
   3808.956       11.49700    
   3811.039       11.45200    
   3813.121       11.43400    
   3815.203       11.45300    
   3817.285       11.48200    
   3819.368       11.47600    
   3821.450       11.46700    
   3823.532       11.48000    
   3825.615       11.50900    
   3827.697       11.51300    
   3829.779       11.48100    
   3831.861       11.44700    
   3833.944       11.43500    
   3836.026       11.47400    
   3838.108       11.51500    
   3840.190       11.53100    
   3842.272       11.51600    
   3844.355       11.48700    
   3846.437       11.46000    
   3848.520       11.44800    
   3850.602       11.44600    
   3852.684       11.44700    
   3854.766       11.44200    
   3856.849       11.43600    
   3858.931       11.42400    
   3861.013       11.40000    
   3863.095       11.40100    
   3865.178       11.42000    
   3867.260       11.42000    
   3869.342       11.40700    
   3871.424       11.39600    
   3873.507       11.43900    
   3875.589       11.50200    
   3877.671       11.56700    
   3879.753       11.60600    
   3881.836       11.62300    
   3883.918       11.62600    
   3886.000       11.62700    
   3888.083       11.62200    
   3890.165       11.59500    
   3892.247       11.56300    
   3894.329       11.49700    
   3896.412       11.41000    
   3898.494       11.35900    
   3900.576       11.38900    
   3902.658       11.43300    
   3904.741       11.45200    
   3906.823       11.44300    
   3908.905       11.43400    
   3910.988       11.43100    
   3913.070       11.42900    
   3915.152       11.43000    
   3917.234       11.41400    
   3919.317       11.41000    
   3921.399       11.39900    
   3923.481       11.38300    
   3925.563       11.36800    
   3927.646       11.36400    
   3929.728       11.36300    
   3931.810       11.37700    
   3933.893       11.41400    
   3935.975       11.44400    
   3938.057       11.45700    
   3940.139       11.46000    
   3942.222       11.47600    
   3944.304       11.49600    
   3946.386       11.52800    
   3948.469       11.53400    
   3950.551       11.51300    
   3952.633       11.49400    
   3954.715       11.51900    
   3956.797       11.57300    
   3958.880       11.64200    
   3960.962       11.70300    
   3963.044       11.72500    
   3965.126       11.73100    
   3967.209       11.74000    
   3969.291       11.76600    
   3971.374       11.78800    
   3973.456       11.79700    
   3975.538       11.75400    
   3977.620       11.66900    
   3979.703       11.58400    
   3981.785       11.54600    
   3983.867       11.53400    
   3985.949       11.51500    
   3988.031       11.49500    
   3990.114       11.46800    
   3992.196       11.45500    
   3994.278       11.44500    
   3996.361       11.43700    
   3998.443       11.40800    
   4000.525       11.38000    
   4002.607       11.36200    
   4004.690       11.33600    
   4006.772       11.30200    
   4008.854       11.28700    
   4010.937       11.28100    
   4013.019       11.27000    
   4015.101       11.26200    
   4017.183       11.25400    
   4019.266       11.25500    
   4021.348       11.26800    
   4023.430       11.29400    
   4025.512       11.29800    
   4027.595       11.27300    
   4029.677       11.22600    
   4031.759       11.19200    
   4033.842       11.18900    
   4035.924       11.20900    
   4038.006       11.22700    
   4040.088       11.22500    
   4042.171       11.23600    
   4044.253       11.25400    
   4046.335       11.26700    
   4048.417       11.26300    
   4050.500       11.26500    
   4052.582       11.26200    
   4054.664       11.27700    
   4056.747       11.30800    
   4058.829       11.32600    
   4060.911       11.31800    
   4062.993       11.31800    
   4065.076       11.32500    
   4067.158       11.35400    
   4069.240       11.39800    
   4071.322       11.43700    
   4073.405       11.46000    
   4075.487       11.46300    
   4077.569       11.47500    
   4079.651       11.49700    
   4081.734       11.53200    
   4083.816       11.56300    
   4085.898       11.60000    
   4087.980       11.63100    
   4090.063       11.65200    
   4092.145       11.68300    
   4094.227       11.75100    
   4096.310       11.82000    
   4098.392       11.86400    
   4100.474       11.87100    
   4102.557       11.84800    
   4104.639       11.83300    
   4106.721       11.81900    
   4108.803       11.79000    
   4110.886       11.73400    
   4112.968       11.68700    
   4115.050       11.64800    
   4117.132       11.61100    
   4119.215       11.57700    
   4121.297       11.54100    
   4123.379       11.50000    
   4125.461       11.45800    
   4127.544       11.43700    
   4129.626       11.41000    
   4131.708       11.39000    
   4133.791       11.37300    
   4135.873       11.35800    
   4137.955       11.33800    
   4140.037       11.34500    
   4142.120       11.36500    
   4144.202       11.36800    
   4146.284       11.33300    
   4148.366       11.29300    
   4150.449       11.27200    
   4152.531       11.26900    
   4154.613       11.28600    
   4156.695       11.30500    
   4158.778       11.30300    
   4160.860       11.28100    
   4162.942       11.26600    
   4165.024       11.25300    
   4167.107       11.23600    
   4169.189       11.21800    
   4171.271       11.21200    
   4173.354       11.20800    
   4175.436       11.20800    
   4177.518       11.21000    
   4179.601       11.20000    
   4181.683       11.19300    
   4183.765       11.18800    
   4185.847       11.19300    
   4187.930       11.20100    
   4190.012       11.21000    
   4192.094       11.20300    
   4194.176       11.20000    
   4196.259       11.19700    
   4198.341       11.19400    
   4200.423       11.18700    
   4202.505       11.19000    
   4204.588       11.20100    
   4206.670       11.20800    
   4208.752       11.20500    
   4210.834       11.20600    
   4212.917       11.21200    
   4214.999       11.20100    
   4217.082       11.19100    
   4219.164       11.19500    
   4221.246       11.20800    
   4223.328       11.21400    
   4225.410       11.20100    
   4227.493       11.19200    
   4229.575       11.18800    
   4231.657       11.19500    
   4233.739       11.20700    
   4235.822       11.21000    
   4237.904       11.20400    
   4239.986       11.19800    
   4242.068       11.20500    
   4244.151       11.22800    
   4246.233       11.24200    
   4248.315       11.23700    
   4250.397       11.22500    
   4252.480       11.24600    
   4254.563       11.26500    
   4256.645       11.27100    
   4258.727       11.26500    
   4260.809       11.26700    
   4262.892       11.26800    
   4264.974       11.27300    
   4267.056       11.28400    
   4269.138       11.29900    
   4271.221       11.30000    
   4273.303       11.29000    
   4275.385       11.27800    
   4277.467       11.27400    
   4279.549       11.28900    
   4281.632       11.30600    
   4283.714       11.31300    
   4285.796       11.30300    
   4287.878       11.30900    
   4289.961       11.32400    
   4292.043       11.33500    
   4294.125       11.34300    
   4296.208       11.36700    
   4298.290       11.39100    
   4300.372       11.40800    
   4302.455       11.42200    
   4304.537       11.44600    
   4306.619       11.47200    
   4308.701       11.49500    
   4310.784       11.51500    
   4312.866       11.52700    
   4314.948       11.54100    
   4317.030       11.55200    
   4319.113       11.57100    
   4321.195       11.61600    
   4323.277       11.67400    
   4325.359       11.72000    
   4327.442       11.75500    
   4329.524       11.79100    
   4331.606       11.84100    
   4333.688       11.89400    
   4335.771       11.94000    
   4337.853       11.96100    
   4339.936       11.94800    
   4342.018       11.93200    
   4344.100       11.92100    
   4346.182       11.90000    
   4348.265       11.84800    
   4350.347       11.79700    
   4352.429       11.74900    
   4354.511       11.70600    
   4356.594       11.65900    
   4358.676       11.62500    
   4360.758       11.59000    
   4362.840       11.55400    
   4364.923       11.53100    
   4367.005       11.52900    
   4369.087       11.52000    
   4371.169       11.49700    
   4373.252       11.47100    
   4375.334       11.45000    
   4377.416       11.43400    
   4379.499       11.42300    
   4381.581       11.41600    
   4383.663       11.38700    
   4385.745       11.36600    
   4387.828       11.35300    
   4389.910       11.34800    
   4391.992       11.33900    
   4394.074       11.34400    
   4396.157       11.34500    
   4398.239       11.34000    
   4400.321       11.32800    
   4402.403       11.31500    
   4404.486       11.30500    
   4406.568       11.30200    
   4408.650       11.30400    
   4410.732       11.30000    
   4412.815       11.29000    
   4414.897       11.27900    
   4416.979       11.27900    
   4419.062       11.27000    
   4421.144       11.26700    
   4423.226       11.27100    
   4425.309       11.27900    
   4427.391       11.26500    
   4429.473       11.25300    
   4431.555       11.24900    
   4433.638       11.25800    
   4435.720       11.27300    
   4437.802       11.28300    
   4439.884       11.28500    
   4441.967       11.27800    
   4444.049       11.27300    
   4446.131       11.27400    
   4448.213       11.27700    
   4450.296       11.27900    
   4452.378       11.28100    
   4454.460       11.27200    
   4456.542       11.26500    
   4458.625       11.26100    
   4460.707       11.25700    
   4462.789       11.24100    
   4464.872       11.23900    
   4466.954       11.24500    
   4469.036       11.24000    
   4471.118       11.23000    
   4473.201       11.24400    
   4475.283       11.26600    
   4477.365       11.28200    
   4479.447       11.28700    
   4481.530       11.28100    
   4483.612       11.26300    
   4485.694       11.24400    
   4487.776       11.25100    
   4489.859       11.26000    
   4491.941       11.26000    
   4494.023       11.25400    
   4496.105       11.26000    
   4498.188       11.26300    
   4500.271       11.26500    
   4502.353       11.27100    
   4504.435       11.27900    
   4506.517       11.26800    
   4508.599       11.25900    
   4510.682       11.25800    
   4512.764       11.26700    
   4514.846       11.28500    
   4516.928       11.28900    
   4519.011       11.28100    
   4521.093       11.26500    
   4523.175       11.25700    
   4525.257       11.25100    
   4527.340       11.25000    
   4529.422       11.25200    
   4531.504       11.25400    
   4533.586       11.24400    
   4535.669       11.23900    
   4537.751       11.23700    
   4539.833       11.23000    
   4541.916       11.22800    
   4543.998       11.23600    
   4546.080       11.24400    
   4548.163       11.25200    
   4550.245       11.26300    
   4552.327       11.26800    
   4554.409       11.26400    
   4556.492       11.25000    
   4558.574       11.24800    
   4560.656       11.26000    
   4562.738       11.26500    
   4564.820       11.26000    
   4566.903       11.26200    
   4568.985       11.26300    
   4571.067       11.26300    
   4573.149       11.26500    
   4575.232       11.26800    
   4577.314       11.26500    
   4579.396       11.26400    
   4581.479       11.26200    
   4583.561       11.25000    
   4585.644       11.24000    
   4587.726       11.23600    
   4589.808       11.24300    
   4591.890       11.25600    
   4593.973       11.28500    
   4596.055       11.29400    
   4598.137       11.29400    
   4600.219       11.28500    
   4602.302       11.26900    
   4604.384       11.26000    
   4606.466       11.26000    
   4608.548       11.26300    
   4610.631       11.26400    
   4612.713       11.26500    
   4614.795       11.27200    
   4616.877       11.28400    
   4618.959       11.29000    
   4621.042       11.28200    
   4623.124       11.26800    
   4625.207       11.25500    
   4627.289       11.24900    
   4629.371       11.26200    
   4631.453       11.26600    
   4633.536       11.27000    
   4635.618       11.27900    
   4637.700       11.29500    
   4639.782       11.29800    
   4641.865       11.29400    
   4643.947       11.29400    
   4646.029       11.30200    
   4648.111       11.29900    
   4650.194       11.29900    
   4652.276       11.30300    
   4654.358       11.30100    
   4656.440       11.28800    
   4658.523       11.28000    
   4660.605       11.27500    
   4662.688       11.27000    
   4664.770       11.27000    
   4666.852       11.26500    
   4668.934       11.25600    
   4671.017       11.24400    
   4673.099       11.25200    
   4675.181       11.26300    
   4677.263       11.26700    
   4679.346       11.26300    
   4681.428       11.26000    
   4683.510       11.25800    
   4685.592       11.26500    
   4687.675       11.27600    
   4689.757       11.28500    
   4691.839       11.29300    
   4693.921       11.28900    
   4696.004       11.27900    
   4698.086       11.27200    
   4700.168       11.28400    
   4702.250       11.30000    
   4704.333       11.31100    
   4706.415       11.30700    
   4708.497       11.29300    
   4710.580       11.28900    
   4712.662       11.29300    
   4714.744       11.31300    
   4716.826       11.33900    
   4718.909       11.34100    
   4720.991       11.32600    
   4723.073       11.31300    
   4725.155       11.31300    
   4727.238       11.31900    
   4729.320       11.32400    
   4731.402       11.32500    
   4733.484       11.32200    
   4735.567       11.33700    
   4737.649       11.34200    
   4739.731       11.33800    
   4741.813       11.33000    
   4743.896       11.33800    
   4745.978       11.34000    
   4748.061       11.34200    
   4750.143       11.34700    
   4752.225       11.37000    
   4754.307       11.38000    
   4756.390       11.37400    
   4758.472       11.36300    
   4760.554       11.36800    
   4762.636       11.37700    
   4764.719       11.37700    
   4766.801       11.37300    
   4768.883       11.37100    
   4770.965       11.38700    
   4773.048       11.40000    
   4775.130       11.40900    
   4777.212       11.41200    
   4779.294       11.41900    
   4781.377       11.42000    
   4783.459       11.42100    
   4785.541       11.43000    
   4787.624       11.43800    
   4789.706       11.43900    
   4791.788       11.43500    
   4793.870       11.44300    
   4795.953       11.44100    
   4798.035       11.42900    
   4800.117       11.42300    
   4802.199       11.43500    
   4804.282       11.45100    
   4806.364       11.47200    
   4808.446       11.49000    
   4810.528       11.50100    
   4812.611       11.49500    
   4814.693       11.50100    
   4816.775       11.51600    
   4818.857       11.53600    
   4820.940       11.54800    
   4823.022       11.56000    
   4825.104       11.57400    
   4827.187       11.58900    
   4829.269       11.60000    
   4831.352       11.61500    
   4833.434       11.64200    
   4835.516       11.67100    
   4837.598       11.70000    
   4839.680       11.71400    
   4841.763       11.73500    
   4843.845       11.76200    
   4845.927       11.79700    
   4848.009       11.83800    
   4850.092       11.88900    
   4852.174       11.93000    
   4854.256       11.96600    
   4856.338       12.00400    
   4858.421       12.03800    
   4860.503       12.04600    
   4862.585       12.03700    
   4864.667       12.02400    
   4866.750       12.01100    
   4868.832       11.97900    
   4870.915       11.93300    
   4872.997       11.88900    
   4875.079       11.84000    
   4877.161       11.80800    
   4879.244       11.77700    
   4881.326       11.75000    
   4883.408       11.73100    
   4885.490       11.71900    
   4887.573       11.70000    
   4889.655       11.68500    
   4891.737       11.67300    
   4893.819       11.66400    
   4895.901       11.64300    
   4897.984       11.61300    
   4900.066       11.59300    
   4902.148       11.58400    
   4904.230       11.57800    
   4906.313       11.57000    
   4908.396       11.57200    
   4910.478       11.55800    
   4912.560       11.54600    
   4914.642       11.54000    
   4916.725       11.53400    
   4918.807       11.52800    
   4920.889       11.52000    
   4922.971       11.50500    
   4925.054       11.48400    
   4927.136       11.48000    
   4929.218       11.47800    
   4931.300       11.47600    
   4933.383       11.47200    
   4935.465       11.46600    
   4937.547       11.45200    
   4939.629       11.44900    
   4941.712       11.45800    
   4943.794       11.47600    
   4945.876       11.48500    
   4947.958       11.48600    
   4950.041       11.48500    
   4952.123       11.48200    
   4954.205       11.49300    
   4956.288       11.49200    
   4958.370       11.48200    
   4960.452       11.46500    
   4962.534       11.46900    
   4964.617       11.45400    
   4966.699       11.44200    
   4968.781       11.43600    
   4970.863       11.44400    
   4972.946       11.44100    
   4975.028       11.43500    
   4977.110       11.43200    
   4979.192       11.44100    
   4981.275       11.45200    
   4983.357       11.45300    
   4985.439       11.44700    
   4987.521       11.42900    
   4989.604       11.42400    
   4991.686       11.41900    
   4993.769       11.42700    
   4995.851       11.43600    
   4997.933       11.45200    
   5000.015       11.45400    
   5002.098       11.44900    
   5004.180       11.44800    
   5006.262       11.46200    
   5008.344       11.46700    
   5010.427       11.45900    
   5012.509       11.44700    
   5014.591       11.44400    
   5016.673       11.44300    
   5018.756       11.43700    
   5020.838       11.43100    
   5022.920       11.43000    
   5025.002       11.44600    
   5027.085       11.45300    
   5029.167       11.45700    
   5031.249       11.46200    
   5033.332       11.46400    
   5035.414       11.46100    
   5037.496       11.45700    
   5039.578       11.45300    
   5041.661       11.44600    
   5043.743       11.44800    
   5045.825       11.45800    
   5047.907       11.47400    
   5049.990       11.48200    
   5052.072       11.49600    
   5054.154       11.50100    
   5056.236       11.49200    
   5058.319       11.46700    
   5060.401       11.45700    
   5062.483       11.46100    
   5064.565       11.47000    
   5066.648       11.46100    
   5068.730       11.46100    
   5070.813       11.46700    
   5072.895       11.46900    
   5074.977       11.45500    
   5077.059       11.44600    
   5079.142       11.45200    
   5081.224       11.45900    
   5083.306       11.46200    
   5085.388       11.46200    
   5087.471       11.46800    
   5089.553       11.46100    
   5091.635       11.44400    
   5093.717       11.45000    
   5095.800       11.46000    
   5097.882       11.45700    
   5099.964       11.44900    
   5102.046       11.44900    
   5104.129       11.44100    
   5106.211       11.43000    
   5108.293       11.42500    
   5110.375       11.43500    
   5112.458       11.45100    
   5114.540       11.45800    
   5116.623       11.45800    
   5118.705       11.46300    
   5120.787       11.47300    
   5122.869       11.47500    
   5124.951       11.47300    
   5127.034       11.47900    
   5129.116       11.49000    
   5131.198       11.49300    
   5133.280       11.48900    
   5135.363       11.48100    
   5137.445       11.47600    
   5139.527       11.46400    
   5141.609       11.45100    
   5143.692       11.44400    
   5145.774       11.45700    
   5147.856       11.47400    
   5149.938       11.48000    
   5152.021       11.47500    
   5154.104       11.46300    
   5156.186       11.44900    
   5158.268       11.44400    
   5160.350       11.45400    
   5162.433       11.46900    
   5164.515       11.47200    
   5166.597       11.46500    
   5168.679       11.46300    
   5170.762       11.47100    
   5172.844       11.47000    
   5174.926       11.47000    
   5177.008       11.47400    
   5179.091       11.47200    
   5181.173       11.45700    
   5183.255       11.44400    
   5185.337       11.44600    
   5187.420       11.46200    
   5189.502       11.48200    
   5191.584       11.49300    
   5193.667       11.49000    
   5195.749       11.48600    
   5197.831       11.48000    
   5199.913       11.47900    
   5201.996       11.48700    
   5204.078       11.49500    
   5206.160       11.48900    
   5208.242       11.48200    
   5210.324       11.48400    
   5212.407       11.48700    
   5214.489       11.48300    
   5216.571       11.48600    
   5218.653       11.50400    
   5220.736       11.51600    
   5222.818       11.51300    
   5224.900       11.49300    
   5226.982       11.48600    
   5229.065       11.49600    
   5231.147       11.50200    
   5233.229       11.49400    
   5235.312       11.48000    
   5237.394       11.48400    
   5239.477       11.48600    
   5241.559       11.48300    
   5243.641       11.48900    
   5245.723       11.49300    
   5247.806       11.49200    
   5249.888       11.48400    
   5251.970       11.48700    
   5254.052       11.49200    
   5256.135       11.49700    
   5258.217       11.49600    
   5260.299       11.48700    
   5262.381       11.49000    
   5264.464       11.49500    
   5266.546       11.49100    
   5268.628       11.48500    
   5270.710       11.49000    
   5272.793       11.48200    
   5274.875       11.47300    
   5276.957       11.47700    
   5279.040       11.49100    
   5281.122       11.50400    
   5283.204       11.50700    
   5285.286       11.50300    
   5287.369       11.48500    
   5289.451       11.49100    
   5291.533       11.49900    
   5293.615       11.49700    
   5295.698       11.49000    
   5297.780       11.49400    
   5299.862       11.49700    
   5301.944       11.49400    
   5304.027       11.49300    
   5306.109       11.50900    
   5308.191       11.51800    
   5310.273       11.50700    
   5312.356       11.49700    
   5314.438       11.48900    
   5316.521       11.48400    
   5318.603       11.48100    
   5320.685       11.48700    
   5322.767       11.50800    
   5324.850       11.52500    
   5326.932       11.52900    
   5329.014       11.51100    
   5331.096       11.50700    
   5333.179       11.50200    
   5335.261       11.49800    
   5337.343       11.50200    
   5339.425       11.51900    
   5341.508       11.53500    
   5343.590       11.54000    
   5345.672       11.53500    
   5347.754       11.52700    
   5349.837       11.51600    
   5351.919       11.50500    
   5354.001       11.50000    
   5356.083       11.50000    
   5358.166       11.51900    
   5360.248       11.51800    
   5362.330       11.51300    
   5364.413       11.51800    
   5366.495       11.53000    
   5368.577       11.52500    
   5370.659       11.50800    
   5372.742       11.49900    
   5374.824       11.49400    
   5376.906       11.48900    
   5378.988       11.48100    
   5381.071       11.47900    
   5383.153       11.48300    
   5385.235       11.50100    
   5387.317       11.52000    
   5389.400       11.52700    
   5391.482       11.52200    
   5393.564       11.51600    
   5395.646       11.51300    
   5397.729       11.51100    
   5399.812       11.50500    
   5401.894       11.49900    
   5403.976       11.50700    
   5406.058       11.51600    
   5408.141       11.51100    
   5410.223       11.50800    
   5412.305       11.51700    
   5414.387       11.52700    
   5416.470       11.53400    
   5418.552       11.54400    
   5420.634       11.54400    
   5422.716       11.53900    
   5424.799       11.53400    
   5426.881       11.53500    
   5428.963       11.53800    
   5431.045       11.53700    
   5433.127       11.53500    
   5435.210       11.52600    
   5437.292       11.52000    
   5439.374       11.52800    
   5441.457       11.54200    
   5443.539       11.54100    
   5445.621       11.53100    
   5447.703       11.53100    
   5449.786       11.53400    
   5451.868       11.53600    
   5453.950       11.54800    
   5456.032       11.55900    
   5458.115       11.56500    
   5460.197       11.56600    
   5462.279       11.56100    
   5464.361       11.54900    
   5466.444       11.54400    
   5468.526       11.55000    
   5470.608       11.56900    
   5472.690       11.58000    
   5474.773       11.57600    
   5476.855       11.55900    
   5478.938       11.55000    
   5481.020       11.55100    
   5483.102       11.56000    
   5485.185       11.57300    
   5487.267       11.57800    
   5489.349       11.57300    
   5491.431       11.56400    
   5493.514       11.55300    
   5495.596       11.56000    
   5497.678       11.56700    
   5499.760       11.57000    
   5501.843       11.57700    
   5503.925       11.58400    
   5506.007       11.58700    
   5508.089       11.58500    
   5510.172       11.58300    
   5512.254       11.58400    
   5514.336       11.58400    
   5516.418       11.57800    
   5518.501       11.57300    
   5520.583       11.57000    
   5522.665       11.56700    
   5524.748       11.57200    
   5526.830       11.58100    
   5528.912       11.58500    
   5530.994       11.58200    
   5533.077       11.57500    
   5535.159       11.57600    
   5537.241       11.58200    
   5539.323       11.58600    
   5541.405       11.58800    
   5543.488       11.58700    
   5545.570       11.59100    
   5547.652       11.59300    
   5549.734       11.59800    
   5551.817       11.60300    
   5553.899       11.60800    
   5555.981       11.60400    
   5558.063       11.60300    
   5560.146       11.60400    
   5562.229       11.60800    
   5564.311       11.61200    
   5566.393       11.60800    
   5568.475       11.58700    
   5570.558       11.57300    
   5572.640       11.57200    
   5574.722       11.58200    
   5576.804       11.58700    
   5578.887       11.58900    
   5580.969       11.58200    
   5583.051       11.58300    
   5585.133       11.59900    
   5587.216       11.61000    
   5589.298       11.60900    
   5591.380       11.60300    
   5593.462       11.60200    
   5595.545       11.61400    
   5597.627       11.62500    
   5599.709       11.62800    
   5601.792       11.62600    
   5603.874       11.62000    
   5605.956       11.61000    
   5608.038       11.60900    
   5610.121       11.61600    
   5612.203       11.61400    
   5614.285       11.61100    
   5616.367       11.60700    
   5618.450       11.60300    
   5620.532       11.59600    
   5622.614       11.60400    
   5624.696       11.61600    
   5626.779       11.62700    
   5628.861       11.63300    
   5630.943       11.63100    
   5633.025       11.62800    
   5635.108       11.62800    
   5637.190       11.62900    
   5639.272       11.61600    
   5641.354       11.60600    
   5643.437       11.60800    
   5645.520       11.61600    
   5647.602       11.63000    
   5649.684       11.62900    
   5651.766       11.62100    
   5653.848       11.61000    
   5655.931       11.60800    
   5658.013       11.61300    
   5660.095       11.61200    
   5662.177       11.60900    
   5664.260       11.60800    
   5666.342       11.60900    
   5668.424       11.61900    
   5670.506       11.63500    
   5672.589       11.64600    
   5674.671       11.63700    
   5676.753       11.62800    
   5678.835       11.62500    
   5680.918       11.63000    
   5683.000       11.63800    
   5685.082       11.64100    
   5687.165       11.63800    
   5689.247       11.63000    
   5691.329       11.62900    
   5693.411       11.63400    
   5695.494       11.64500    
   5697.576       11.65200    
   5699.658       11.64800    
   5701.740       11.64200    
   5703.823       11.63700    
   5705.905       11.63200    
   5707.987       11.62700    
   5710.069       11.63400    
   5712.152       11.64200    
   5714.234       11.64300    
   5716.316       11.64100    
   5718.398       11.64200    
   5720.481       11.64100    
   5722.563       11.63600    
   5724.646       11.63700    
   5726.728       11.64500    
   5728.810       11.65100    
   5730.893       11.65100    
   5732.975       11.64200    
   5735.057       11.62900    
   5737.139       11.62900    
   5739.222       11.63500    
   5741.304       11.64000    
   5743.386       11.64100    
   5745.468       11.65000    
   5747.551       11.65900    
   5749.633       11.66700    
   5751.715       11.67100    
   5753.797       11.67300    
   5755.880       11.67100    
   5757.962       11.66300    
   5760.044       11.65400    
   5762.126       11.65500    
   5764.208       11.65800    
   5766.291       11.66100    
   5768.373       11.65500    
   5770.455       11.65200    
   5772.538       11.64800    
   5774.620       11.64400    
   5776.702       11.64200    
   5778.784       11.64000    
   5780.867       11.64100    
   5782.949       11.64200    
   5785.031       11.63600    
   5787.113       11.63100    
   5789.196       11.63200    
   5791.278       11.64100    
   5793.360       11.64800    
   5795.442       11.64900    
   5797.525       11.65200    
   5799.607       11.66400    
   5801.689       11.67300    
   5803.771       11.66800    
   5805.854       11.65400    
   5807.937       11.64300    
   5810.019       11.63500    
   5812.101       11.63500    
   5814.183       11.64600    
   5816.266       11.66300    
   5818.348       11.67400    
   5820.430       11.67400    
   5822.512       11.66700    
   5824.595       11.65700    
   5826.677       11.64400    
   5828.759       11.63400    
   5830.841       11.64100    
   5832.924       11.65300    
   5835.006       11.66300    
   5837.088       11.66500    
   5839.170       11.65600    
   5841.253       11.66300    
   5843.335       11.67200    
   5845.417       11.66400    
   5847.500       11.65500    
   5849.582       11.65900    
   5851.664       11.66500    
   5853.746       11.66900    
   5855.829       11.67400    
   5857.911       11.67900    
   5859.993       11.67900    
   5862.075       11.68200    
   5864.158       11.68800    
   5866.240       11.69100    
   5868.322       11.69100    
   5870.404       11.68700    
   5872.487       11.68200    
   5874.569       11.68500    
   5876.651       11.69700    
   5878.733       11.70700    
   5880.815       11.71100    
   5882.898       11.70800    
   5884.980       11.69500    
   5887.063       11.67200    
   5889.145       11.64900    
   5891.227       11.64000    
   5893.310       11.64900    
   5895.392       11.66600    
   5897.474       11.68400    
   5899.556       11.69100    
   5901.639       11.68800    
   5903.721       11.68100    
   5905.803       11.67700    
   5907.885       11.68500    
   5909.968       11.69200    
   5912.050       11.69500    
   5914.132       11.69500    
   5916.214       11.69500    
   5918.297       11.69800    
   5920.379       11.70500    
   5922.461       11.70300    
   5924.543       11.69700    
   5926.626       11.70300    
   5928.708       11.70900    
   5930.790       11.72500    
   5932.873       11.71000    
   5934.955       11.70800    
   5937.037       11.71900    
   5939.119       11.73000    
   5941.202       11.73300    
   5943.284       11.73100    
   5945.366       11.72000    
   5947.448       11.70600    
   5949.531       11.69200    
   5951.613       11.69000    
   5953.695       11.70500    
   5955.777       11.71300    
   5957.860       11.71100    
   5959.942       11.70000    
   5962.024       11.70300    
   5964.106       11.70900    
   5966.189       11.71700    
   5968.271       11.72700    
   5970.354       11.73700    
   5972.436       11.73500    
   5974.518       11.72900    
   5976.601       11.72300    
   5978.683       11.71500    
   5980.765       11.71100    
   5982.847       11.71300    
   5984.930       11.71800    
   5987.012       11.72500    
   5989.094       11.72700    
   5991.176       11.72900    
   5993.258       11.73400    
   5995.341       11.73500    
   5997.423       11.72800    
   5999.505       11.72700    
   6001.587       11.73100    
   6003.670       11.73500    
   6005.752       11.73300    
   6007.834       11.72500    
   6009.917       11.71400    
   6011.999       11.70100    
   6014.081       11.70300    
   6016.163       11.71300    
   6018.246       11.72700    
   6020.328       11.73900    
   6022.410       11.74200    
   6024.492       11.74000    
   6026.575       11.73600    
   6028.657       11.73100    
   6030.739       11.72000    
   6032.821       11.71900    
   6034.904       11.71800    
   6036.986       11.71500    
   6039.068       11.71200    
   6041.150       11.72200    
   6043.233       11.73700    
   6045.315       11.75000    
   6047.397       11.75000    
   6049.479       11.73600    
   6051.562       11.72600    
   6053.645       11.72400    
   6055.727       11.73500    
   6057.809       11.74300    
   6059.891       11.75200    
   6061.974       11.76200    
   6064.056       11.77300    
   6066.138       11.76900    
   6068.220       11.76100    
   6070.303       11.75100    
   6072.385       11.74400    
   6074.467       11.74700    
   6076.549       11.74100    
   6078.632       11.73300    
   6080.714       11.72900    
   6082.796       11.73500    
   6084.878       11.73700    
   6086.961       11.74100    
   6089.043       11.75000    
   6091.125       11.75800    
   6093.208       11.76400    
   6095.290       11.76600    
   6097.372       11.76500    
   6099.454       11.76700    
   6101.536       11.76500    
   6103.619       11.75900    
   6105.701       11.75000    
   6107.783       11.74500    
   6109.865       11.74000    
   6111.948       11.73100    
   6114.030       11.72700    
   6116.112       11.74100    
   6118.194       11.75200    
   6120.277       11.75500    
   6122.359       11.75600    
   6124.441       11.76200    
   6126.523       11.76100    
   6128.606       11.76000    
   6130.688       11.75900    
   6132.771       11.75900    
   6134.853       11.76000    
   6136.935       11.75600    
   6139.018       11.75100    
   6141.100       11.74900    
   6143.182       11.76100    
   6145.264       11.76500    
   6147.347       11.76300    
   6149.429       11.75600    
   6151.511       11.75500    
   6153.593       11.76000    
   6155.676       11.77300    
   6157.758       11.78700    
   6159.840       11.78700    
   6161.922       11.78100    
   6164.005       11.78300    
   6166.087       11.78800    
   6168.169       11.78500    
   6170.251       11.77200    
   6172.334       11.76500    
   6174.416       11.76500    
   6176.498       11.77200    
   6178.581       11.76900    
   6180.663       11.76600    
   6182.745       11.76800    
   6184.827       11.77600    
   6186.910       11.78900    
   6188.992       11.79400    
   6191.074       11.79900    
   6193.156       11.80600    
   6195.239       11.81100    
   6197.321       11.80400    
   6199.403       11.79300    
   6201.485       11.78300    
   6203.568       11.77900    
   6205.650       11.78200    
   6207.732       11.78200    
   6209.814       11.77900    
   6211.897       11.78100    
   6213.979       11.78000    
   6216.062       11.78600    
   6218.144       11.79700    
   6220.226       11.81200    
   6222.308       11.80800    
   6224.391       11.80700    
   6226.473       11.81000    
   6228.555       11.81700    
   6230.637       11.81400    
   6232.720       11.81300    
   6234.802       11.81400    
   6236.884       11.81700    
   6238.966       11.82000    
   6241.049       11.81800    
   6243.131       11.81700    
   6245.213       11.81900    
   6247.295       11.82900    
   6249.378       11.82800    
   6251.460       11.82400    
   6253.542       11.82300    
   6255.625       11.83300    
   6257.707       11.83700    
   6259.789       11.83600    
   6261.871       11.82900    
   6263.954       11.82100    
   6266.036       11.82600    
   6268.118       11.83400    
   6270.200       11.83700    
   6272.283       11.82800    
   6274.365       11.83100    
   6276.447       11.84000    
   6278.529       11.84800    
   6280.612       11.84900    
   6282.694       11.84400    
   6284.776       11.83800    
   6286.858       11.84100    
   6288.941       11.85300    
   6291.023       11.86200    
   6293.105       11.86200    
   6295.188       11.85700    
   6297.270       11.84900    
   6299.353       11.83900    
   6301.435       11.84000    
   6303.517       11.83800    
   6305.599       11.83100    
   6307.682       11.81900    
   6309.764       11.81700    
   6311.846       11.82500    
   6313.928       11.84100    
   6316.011       11.86000    
   6318.093       11.86500    
   6320.175       11.85800    
   6322.257       11.84600    
   6324.340       11.83100    
   6326.422       11.83100    
   6328.504       11.84100    
   6330.586       11.85500    
   6332.668       11.86700    
   6334.751       11.86500    
   6336.833       11.86000    
   6338.915       11.85500    
   6340.998       11.85100    
   6343.080       11.84500    
   6345.162       11.84200    
   6347.244       11.84200    
   6349.327       11.84500    
   6351.409       11.85000    
   6353.491       11.84800    
   6355.573       11.84400    
   6357.656       11.84100    
   6359.738       11.84500    
   6361.820       11.84500    
   6363.902       11.84400    
   6365.985       11.83800    
   6368.067       11.82900    
   6370.149       11.82700    
   6372.231       11.83500    
   6374.314       11.84500    
   6376.396       11.84600    
   6378.479       11.84600    
   6380.561       11.84700    
   6382.643       11.84400    
   6384.726       11.83700    
   6386.808       11.85000    
   6388.890       11.86700    
   6390.972       11.87700    
   6393.055       11.87500    
   6395.137       11.86000    
   6397.219       11.85100    
   6399.301       11.85000    
   6401.384       11.85600    
   6403.466       11.85900    
   6405.548       11.84900    
   6407.630       11.84100    
   6409.713       11.83900    
   6411.795       11.84800    
   6413.877       11.85200    
   6415.959       11.84800    
   6418.042       11.84200    
   6420.124       11.83800    
   6422.206       11.85500    
   6424.289       11.86300    
   6426.371       11.86800    
   6428.453       11.87400    
   6430.535       11.88600    
   6432.618       11.89000    
   6434.700       11.89100    
   6436.782       11.89100    
   6438.864       11.88700    
   6440.946       11.88400    
   6443.029       11.88400    
   6445.111       11.88800    
   6447.193       11.89000    
   6449.275       11.89100    
   6451.358       11.89300    
   6453.440       11.89500    
   6455.522       11.88900    
   6457.604       11.88400    
   6459.687       11.88400    
   6461.770       11.88800    
   6463.852       11.89800    
   6465.934       11.91100    
   6468.016       11.91900    
   6470.099       11.92400    
   6472.181       11.92800    
   6474.263       11.93200    
   6476.345       11.93300    
   6478.428       11.93500    
   6480.510       11.94200    
   6482.592       11.95400    
   6484.674       11.96000    
   6486.757       11.96200    
   6488.839       11.96100    
   6490.921       11.96100    
   6493.003       11.96600    
   6495.086       11.96800    
   6497.168       11.96500    
   6499.250       11.96100    
   6501.333       11.96100    
   6503.415       11.96000    
   6505.497       11.95900    
   6507.579       11.96700    
   6509.662       11.97900    
   6511.744       11.99400    
   6513.826       12.01100    
   6515.908       12.02800    
   6517.991       12.03600    
   6520.073       12.03700    
   6522.155       12.03700    
   6524.237       12.04300    
   6526.320       12.05500    
   6528.402       12.07100    
   6530.484       12.08700    
   6532.566       12.10200    
   6534.649       12.11300    
   6536.731       12.11600    
   6538.813       12.11400    
   6540.896       12.11200    
   6542.978       12.12700    
   6545.061       12.15000    
   6547.143       12.17900    
   6549.225       12.21200    
   6551.307       12.24700    
   6553.389       12.27800    
   6555.472       12.31200    
   6557.554       12.34800    
   6559.636       12.38100    
   6561.718       12.38500    
   6563.801       12.37300    
   6565.883       12.35000    
   6567.965       12.32400    
   6570.047       12.29800    
   6572.130       12.27300    
   6574.212       12.24800    
   6576.294       12.22600    
   6578.376       12.21900    
   6580.459       12.20500    
   6582.541       12.18400    
   6584.623       12.16000    
   6586.706       12.14600    
   6588.788       12.13000    
   6590.870       12.11700    
   6592.952       12.10700    
   6595.035       12.09600    
   6597.117       12.07800    
   6599.199       12.06500    
   6601.281       12.05900    
   6603.364       12.04600    
   6605.446       12.02400    
   6607.528       12.00800    
   6609.610       11.99900    
   6611.693       11.99600    
   6613.775       12.00600    
   6615.857       12.01100    
   6617.939       12.00700    
   6620.022       11.99000    
   6622.104       11.98500    
   6624.187       11.98200    
   6626.269       11.98000    
   6628.351       11.97700    
   6630.434       11.97700    
   6632.516       11.96900    
   6634.598       11.95900    
   6636.680       11.95200    
   6638.763       11.94200    
   6640.845       11.93800    
   6642.927       11.94600    
   6645.009       11.96200    
   6647.092       11.96100    
   6649.174       11.94400    
   6651.256       11.93000    
   6653.338       11.92300    
   6655.421       11.92000    
   6657.503       11.92300    
   6659.585       11.92800    
   6661.667       11.93500    
   6663.750       11.94100    
   6665.832       11.94100    
   6667.914       11.93100    
   6669.996       11.91800    
   6672.079       11.90900    
   6674.161       11.90900    
   6676.243       11.90400    
   6678.325       11.89600    
   6680.408       11.88900    
   6682.490       11.89200    
   6684.572       11.89700    
   6686.654       11.90000    
   6688.737       11.90100    
   6690.819       11.89700    
   6692.901       11.90300    
   6694.983       11.91400    
   6697.066       11.92600    
   6699.148       11.93200    
   6701.230       11.93500    
   6703.313       11.93000    
   6705.395       11.92000    
   6707.478       11.91000    
   6709.560       11.90800    
   6711.642       11.90900    
   6713.724       11.90900    
   6715.807       11.90700    
   6717.889       11.90200    
   6719.971       11.89800    
   6722.053       11.90100    
   6724.136       11.91300    
   6726.218       11.91900    
   6728.300       11.91800    
   6730.382       11.91400    
   6732.465       11.91400    
   6734.547       11.91500    
   6736.629       11.91500    
   6738.711       11.91400    
   6740.794       11.91000    
   6742.876       11.90400    
   6744.958       11.90500    
   6747.041       11.90600    
   6749.123       11.90600    
   6751.205       11.90800    
   6753.287       11.91400    
   6755.370       11.91400    
   6757.452       11.90800    
   6759.534       11.89900    
   6761.616       11.90500    
   6763.699       11.91800    
   6765.781       11.93300    
   6767.863       11.94200    
   6769.945       11.93400    
   6772.028       11.92100    
   6774.110       11.90900    
   6776.192       11.90600    
   6778.274       11.90900    
   6780.356       11.91000    
   6782.439       11.90900    
   6784.521       11.90700    
   6786.604       11.90000    
   6788.686       11.89600    
   6790.768       11.89300    
   6792.851       11.89100    
   6794.933       11.89400    
   6797.015       11.90200    
   6799.097       11.90800    
   6801.180       11.91000    
   6803.262       11.90600    
   6805.344       11.90500    
   6807.426       11.90600    
   6809.509       11.90900    
   6811.591       11.91700    
   6813.673       11.91900    
   6815.755       11.91000    
   6817.838       11.89900    
   6819.920       11.89400    
   6822.002       11.89500    
   6824.084       11.89500    
   6826.167       11.89400    
   6828.249       11.89100    
   6830.331       11.88900    
   6832.414       11.89100    
   6834.496       11.89800    
   6836.578       11.90800    
   6838.660       11.92300    
   6840.743       11.93000    
   6842.825       11.93400    
   6844.907       11.93500    
   6846.989       11.93400    
   6849.072       11.91900    
   6851.154       11.90600    
   6853.236       11.90200    
   6855.318       11.91600    
   6857.401       11.93800    
   6859.483       11.96300    
   6861.565       11.99200    
   6863.647       12.03100    
   6865.730       12.09700    
   6867.813       12.15600    
   6869.895       12.19100    
   6871.977       12.18800    
   6874.059       12.14900    
   6876.142       12.10500    
   6878.224       12.06400    
   6880.306       12.03300    
   6882.388       12.02600    
   6884.471       12.02900    
   6886.553       12.03600    
   6888.635       12.04300    
   6890.717       12.04100    
   6892.799       12.03000    
   6894.882       12.02000    
   6896.964       12.01500    
   6899.046       12.02000    
   6901.128       12.02800    
   6903.211       12.03600    
   6905.293       12.04400    
   6907.375       12.04500    
   6909.458       12.03300    
   6911.540       12.01800    
   6913.622       12.00200    
   6915.704       11.98500    
   6917.787       11.96900    
   6919.869       11.95400    
   6921.951       11.94200    
   6924.033       11.93300    
   6926.116       11.94100    
   6928.198       11.95200    
   6930.280       11.95600    
   6932.362       11.95000    
   6934.445       11.95200    
   6936.527       11.96400    
   6938.609       11.98300    
   6940.691       12.00300    
   6942.774       12.00900    
   6944.856       12.00400    
   6946.938       11.99500    
   6949.021       11.98600    
   6951.103       11.98200    
   6953.186       11.98300    
   6955.268       11.98500    
   6957.350       11.98300    
   6959.432       11.97200    
   6961.515       11.95200    
   6963.597       11.94000    
   6965.679       11.93800    
   6967.761       11.94700    
   6969.844       11.94600    
   6971.926       11.93900    
   6974.008       11.93400    
   6976.090       11.93900    
   6978.173       11.95600    
   6980.255       11.97500    
   6982.337       11.99600    
   6984.419       12.01500    
   6986.502       12.02100    
   6988.584       12.02100    
   6990.666       12.02100    
   6992.749       12.02100    
   6994.831       12.01900    
   6996.913       12.01600    
   6998.995       12.00500    
   7001.077       11.98800    
   7003.160       11.97900    
   7005.242       11.97400    
   7007.324       11.96700    
   7009.406       11.96200    
   7011.489       11.97000    
   7013.571       11.97700    
   7015.653       11.97900    
   7017.735       11.97700    
   7019.818       11.97300    
   7021.900       11.96300    
   7023.982       11.95200    
   7026.064       11.94400    
   7028.147       11.94500    
   7030.229       11.95600    
   7032.312       11.96800    
   7034.394       11.98000    
   7036.476       11.99500    
   7038.559       12.01100    
   7040.641       12.01700    
   7042.723       12.01300    
   7044.805       12.00100    
   7046.888       11.99700    
   7048.970       11.99900    
   7051.052       11.99800    
   7053.134       11.99300    
   7055.217       11.98500    
   7057.299       11.97600    
   7059.381       11.97000    
   7061.463       11.97100    
   7063.546       11.98200    
   7065.628       11.98300    
   7067.710       11.97700    
   7069.792       11.97600    
   7071.875       11.98900    
   7073.957       12.00100    
   7076.039       12.00500    
   7078.122       12.00500    
   7080.204       12.00900    
   7082.286       12.01500    
   7084.368       12.01100    
   7086.451       12.00500    
   7088.533       12.00000    
   7090.615       12.00600    
   7092.697       12.00400    
   7094.780       11.99900    
   7096.862       11.99300    
   7098.944       11.99400    
   7101.026       11.99300    
   7103.109       11.99300    
   7105.191       11.99500    
   7107.273       12.00300    
   7109.355       12.00600    
   7111.438       12.00300    
   7113.520       11.99700    
   7115.603       11.98900    
   7117.685       11.97900    
   7119.767       11.97800    
   7121.849       11.98500    
   7123.932       12.00400    
   7126.014       12.01700    
   7128.096       12.01800    
   7130.178       12.01200    
   7132.261       12.00300    
   7134.343       12.00200    
   7136.425       12.00300    
   7138.507       12.00600    
   7140.590       12.01300    
   7142.672       12.03000    
   7144.754       12.04000    
   7146.836       12.03900    
   7148.919       12.03000    
   7151.001       12.01800    
   7153.083       12.00500    
   7155.166       11.99700    
   7157.248       11.99900    
   7159.330       12.01400    
   7161.412       12.04000    
   7163.495       12.06600    
   7165.577       12.08700    
   7167.659       12.09800    
   7169.741       12.10400    
   7171.824       12.11900    
   7173.906       12.13700    
   7175.988       12.15000    
   7178.070       12.16200    
   7180.153       12.17500    
   7182.235       12.18400    
   7184.317       12.18500    
   7186.399       12.17900    
   7188.482       12.17300    
   7190.564       12.17300    
   7192.646       12.17900    
   7194.729       12.18300    
   7196.811       12.18800    
   7198.894       12.18500    
   7200.976       12.17400    
   7203.058       12.15600    
   7205.140       12.14700    
   7207.223       12.13200    
   7209.305       12.10900    
   7211.387       12.08200    
   7213.469       12.07000    
   7215.552       12.06300    
   7217.634       12.05600    
   7219.716       12.04700    
   7221.798       12.05500    
   7223.881       12.06800    
   7225.963       12.08100    
   7228.045       12.09300    
   7230.127       12.11300    
   7232.210       12.12700    
   7234.292       12.13300    
   7236.374       12.13000    
   7238.456       12.11700    
   7240.539       12.10100    
   7242.621       12.08800    
   7244.703       12.08000    
   7246.785       12.08400    
   7248.868       12.10000    
   7250.950       12.11400    
   7253.032       12.12200    
   7255.114       12.11700    
   7257.197       12.11200    
   7259.279       12.12100    
   7261.361       12.14100    
   7263.443       12.17000    
   7265.526       12.17600    
   7267.608       12.16100    
   7269.690       12.13800    
   7271.772       12.11800    
   7273.855       12.11100    
   7275.938       12.10700    
   7278.020       12.10400    
   7280.102       12.09900    
   7282.184       12.09200    
   7284.267       12.09900    
   7286.349       12.12300    
   7288.431       12.15800    
   7290.513       12.17900    
   7292.596       12.17200    
   7294.678       12.15000    
   7296.760       12.12200    
   7298.842       12.10700    
   7300.925       12.11300    
   7303.007       12.12400    
   7305.089       12.13500    
   7307.171       12.14500    
   7309.254       12.14300    
   7311.336       12.13600    
   7313.418       12.13200    
   7315.500       12.14000    
   7317.583       12.13700    
   7319.665       12.12300    
   7321.747       12.10000    
   7323.829       12.07300    
   7325.912       12.05200    
   7327.994       12.05400    
   7330.076       12.06800    
   7332.158       12.08300    
   7334.241       12.06900    
   7336.323       12.04800    
   7338.405       12.03800    
   7340.487       12.04600    
   7342.570       12.06400    
   7344.652       12.07100    
   7346.734       12.07500    
   7348.816       12.07700    
   7350.899       12.07900    
   7352.981       12.08800    
   7355.063       12.10100    
   7357.146       12.11300    
   7359.229       12.11000    
   7361.311       12.09500    
   7363.393       12.09300    
   7365.475       12.09700    
   7367.558       12.09800    
   7369.640       12.08400    
   7371.722       12.07700    
   7373.804       12.07600    
   7375.887       12.08000    
   7377.969       12.08900    
   7380.051       12.09400    
   7382.133       12.08900    
   7384.216       12.07500    
   7386.298       12.07200    
   7388.380       12.07800    
   7390.462       12.08700    
   7392.544       12.09800    
   7394.627       12.09900    
   7396.709       12.09300    
   7398.791       12.08700    
   7400.873       12.08200    
   7402.956       12.08300    
   7405.038       12.08800    
   7407.120       12.09300    
   7409.202       12.09800    
   7411.285       12.10500    
   7413.367       12.09300    
   7415.449       12.07400    
   7417.531       12.05800    
   7419.614       12.05600    
   7421.696       12.06300    
   7423.778       12.06800    
   7425.860       12.06800    
   7427.943       12.06400    
   7430.025       12.06700    
   7432.107       12.07100    
   7434.189       12.07200    
   7436.272       12.06800    
   7438.354       12.06400    
   7440.437       12.06900    
   7442.519       12.07400    
   7444.602       12.07500    
   7446.684       12.07400    
   7448.766       12.07700    
   7450.848       12.08300    
   7452.931       12.09000    
   7455.013       12.09100    
   7457.095       12.07600    
   7459.177       12.05600    
   7461.260       12.04400    
   7463.342       12.05700    
   7465.424       12.08500    
   7467.506       12.10400    
   7469.589       12.11500    
   7471.671       12.12300    
   7473.753       12.12100    
   7475.835       12.10500    
   7477.918       12.08800    
   7480.000       12.08200    
   7482.082       12.09400    
   7484.164       12.10700    
   7486.247       12.11600    
   7488.329       12.11600    
   7490.411       12.10500    
   7492.493       12.09200    
   7494.576       12.08600    
   7496.658       12.08800    
   7498.740       12.09200    
   7500.822       12.09300    
   7502.904       12.09200    
   7504.987       12.08800    
   7507.069       12.08000    
   7509.151       12.07900    
   7511.233       12.07800    
   7513.316       12.07500    
   7515.398       12.07000    
   7517.480       12.06400    
   7519.563       12.05700    
   7521.646       12.05300    
   7523.728       12.05600    
   7525.810       12.06400    
   7527.892       12.07200    
   7529.975       12.08200    
   7532.057       12.09200    
   7534.139       12.09900    
   7536.221       12.10400    
   7538.304       12.10000    
   7540.386       12.08700    
   7542.468       12.08700    
   7544.550       12.09200    
   7546.633       12.08200    
   7548.715       12.05900    
   7550.797       12.04400    
   7552.879       12.04600    
   7554.962       12.05100    
   7557.044       12.06100    
   7559.126       12.08300    
   7561.208       12.09600    
   7563.291       12.09400    
   7565.373       12.08800    
   7567.455       12.08900    
   7569.537       12.10000    
   7571.620       12.10100    
   7573.702       12.09900    
   7575.784       12.09800    
   7577.866       12.11100    
   7579.949       12.11400    
   7582.031       12.11300    
   7584.113       12.11600    
   7586.195       12.14400    
   7588.278       12.21000    
   7590.360       12.31500    
   7592.442       12.46500    
   7594.524       12.68200    
   7596.607       12.90800    
   7598.689       13.11800    
   7600.771       13.29200    
   7602.854       13.39300    
   7604.937       13.37200    
   7607.019       13.30300    
   7609.101       13.20000    
   7611.183       13.06800    
   7613.266       12.87200    
   7615.348       12.69800    
   7617.430       12.57700    
   7619.512       12.53600    
   7621.594       12.59000    
   7623.677       12.66000    
   7625.759       12.72800    
   7627.841       12.77300    
   7629.923       12.76200    
   7632.006       12.73600    
   7634.088       12.69800    
   7636.170       12.65100    
   7638.252       12.61700    
   7640.335       12.59200    
   7642.417       12.56400    
   7644.499       12.53200    
   7646.581       12.50600    
   7648.664       12.48300    
   7650.746       12.45400    
   7652.828       12.41700    
   7654.910       12.37100    
   7656.993       12.33600    
   7659.075       12.30800    
   7661.157       12.28100    
   7663.239       12.24800    
   7665.322       12.22700    
   7667.404       12.20600    
   7669.486       12.18700    
   7671.568       12.17100    
   7673.651       12.17700    
   7675.733       12.18300    
   7677.815       12.18200    
   7679.897       12.16700    
   7681.980       12.13200    
   7684.063       12.10500    
   7686.145       12.09000    
   7688.227       12.08900    
   7690.310       12.09400    
   7692.392       12.10800    
   7694.474       12.13100    
   7696.556       12.15500    
   7698.639       12.15000    
   7700.721       12.14500    
   7702.803       12.13600    
   7704.885       12.12300    
   7706.968       12.10100    
   7709.050       12.09600    
   7711.132       12.09500    
   7713.214       12.09600    
   7715.297       12.09200    
   7717.379       12.08400    
   7719.461       12.07700    
   7721.543       12.07200    
   7723.626       12.06700    
   7725.708       12.06900    
   7727.790       12.07400    
   7729.872       12.09200    
   7731.954       12.12400    
   7734.037       12.14900    
   7736.119       12.13500    
   7738.201       12.11200    
   7740.283       12.09400    
   7742.366       12.08800    
   7744.448       12.10400    
   7746.530       12.11600    
   7748.612       12.11500    
   7750.695       12.09100    
   7752.777       12.07000    
   7754.859       12.05600    
   7756.941       12.05100    
   7759.024       12.05800    
   7761.106       12.08700    
   7763.188       12.10200    
   7765.271       12.09700    
   7767.354       12.07100    
   7769.436       12.06400    
   7771.518       12.06300    
   7773.600       12.06400    
   7775.683       12.06500    
   7777.765       12.06000    
   7779.847       12.05100    
   7781.929       12.04300    
   7784.012       12.04100    
   7786.094       12.03600    
   7788.176       12.04200    
   7790.258       12.05400    
   7792.341       12.06900    
   7794.423       12.08100    
   7796.505       12.07700    
   7798.587       12.07000    
   7800.670       12.06600    
   7802.752       12.07600    
   7804.834       12.05900    
   7806.916       12.04900    
   7808.999       12.05300    
   7811.081       12.07600    
   7813.163       12.09700    
   7815.245       12.07900    
   7817.328       12.05300    
   7819.410       12.05400    
   7821.492       12.09600    
   7823.574       12.10900    
   7825.657       12.11200    
   7827.739       12.11900    
   7829.821       12.15500    
   7831.903       12.16000    
   7833.986       12.14800    
   7836.068       12.13300    
   7838.150       12.13600    
   7840.232       12.12400    
   7842.314       12.09100    
   7844.397       12.04800    
   7846.479       12.04800    
   7848.562       12.08900    
   7850.644       12.13400    
   7852.727       12.16500    
   7854.809       12.14900    
   7856.891       12.12100    
   7858.973       12.11100    
   7861.056       12.11800    
   7863.138       12.13300    
   7865.220       12.14900    
   7867.302       12.15400    
   7869.385       12.14700    
   7871.467       12.12900    
   7873.549       12.13400    
   7875.631       12.14100    
   7877.714       12.14100    
   7879.796       12.13000    
   7881.878       12.10700    
   7883.960       12.12400    
   7886.043       12.14000    
   7888.125       12.13300    
   7890.207       12.08700    
   7892.289       12.07400    
   7894.372       12.08000    
   7896.454       12.09600    
   7898.536       12.11500    
   7900.618       12.09800    
   7902.701       12.08400    
   7904.783       12.08000    
   7906.865       12.08900    
   7908.947       12.05900    
   7911.030       12.04100    
   7913.112       12.04500    
   7915.194       12.08000    
   7917.276       12.11500    
   7919.359       12.13800    
   7921.441       12.14200    
   7923.523       12.12300    
   7925.605       12.08000    
   7927.688       12.07500    
   7929.771       12.08600    
   7931.853       12.09900    
   7933.935       12.10700    
   7936.018       12.10100    
   7938.100       12.08000    
   7940.182       12.05200    
   7942.264       12.05500    
   7944.347       12.06800    
   7946.429       12.07100    
   7948.511       12.06600    
   7950.593       12.06600    
   7952.675       12.10500    
   7954.758       12.12500    
   7956.840       12.11800    
   7958.922       12.08300    
   7961.004       12.10100    
   7963.087       12.12700    
   7965.169       12.13800    
   7967.251       12.10800    
   7969.333       12.06900    
   7971.416       12.06900    
   7973.498       12.09900    
   7975.580       12.14800    
   7977.662       12.18300    
   7979.745       12.16000    
   7981.827       12.11700    
   7983.909       12.08200    
   7985.991       12.08900    
   7988.074       12.09400    
   7990.156       12.09200    
   7992.238       12.08700    
   7994.320       12.10600    
   7996.403       12.12400    
   7998.485       12.12900    
   8000.567       12.12900    
   8002.649       12.15200    
   8004.732       12.19000    
   8006.814       12.21000    
   8008.896       12.20500    
   8010.979       12.17300    
   8013.062       12.14100    
   8015.144       12.10600    
   8017.226       12.08200    
   8019.308       12.08400    
   8021.391       12.08800    
   8023.473       12.08900    
   8025.555       12.09800    
   8027.637       12.11800    
   8029.720       12.12000    
   8031.802       12.11300    
   8033.884       12.11500    
   8035.966       12.13500    
   8038.049       12.14900    
   8040.131       12.13700    
   8042.213       12.11000    
   8044.295       12.08000    
   8046.378       12.08300    
   8048.460       12.07800    
   8050.542       12.07900    
   8052.624       12.08600    
   8054.707       12.08900    
   8056.789       12.09200    
   8058.871       12.08600    
   8060.953       12.07300    
   8063.036       12.05800    
   8065.118       12.05000    
   8067.200       12.05400    
   8069.282       12.07200    
   8071.364       12.10700    
   8073.447       12.11900    
   8075.529       12.09500    
   8077.611       12.05100    
   8079.693       12.00400    
   8081.776       11.99500    
   8083.858       12.01700    
   8085.940       12.05400    
   8088.022       12.09800    
   8090.105       12.13400    
   8092.188       12.13400    
   8094.270       12.12500    
   8096.352       12.12100    
   8098.435       12.13200    
   8100.517       12.15800    
   8102.599       12.17600    
   8104.681       12.18100    
   8106.764       12.17000    
   8108.846       12.17500    
   8110.928       12.18500    
   8113.010       12.19400    
   8115.093       12.19700    
   8117.175       12.19600    
   8119.257       12.19500    
   8121.339       12.19900    
   8123.422       12.21300    
   8125.504       12.20100    
   8127.586       12.19500    
   8129.668       12.20400    
   8131.751       12.23200    
   8133.833       12.25800    
   8135.915       12.26000    
   8137.997       12.25500    
   8140.080       12.24400    
   8142.162       12.20400    
   8144.244       12.16200    
   8146.326       12.15100    
   8148.409       12.16700    
   8150.491       12.17400    
   8152.573       12.18700    
   8154.655       12.20500    
   8156.738       12.23200    
   8158.820       12.27500    
   8160.902       12.30300    
   8162.984       12.32600    
   8165.067       12.34800    
   8167.149       12.37400    
   8169.231       12.35000    
   8171.313       12.31800    
   8173.396       12.29500    
   8175.479       12.29600    
   8177.561       12.29000    
   8179.643       12.29800    
   8181.725       12.28500    
   8183.808       12.23400    
   8185.890       12.20200    
   8187.972       12.16500    
   8190.054       12.10800    
   8192.137       12.04300    
